,index,Dutch,Frequency,cumsum
0,3800,financiële,2569,99.72801979409888
1,3801,langzamer,2568,99.72945057681743
2,3802,uitkomt,2566,99.73088024521923
3,3803,wenst,2564,99.73230879930425
4,3804,arrestatie,2564,99.73373735338927
5,3805,robots,2563,99.73516535031592
6,3806,enge,2563,99.73659334724256
7,3807,Tess,2563,99.73802134416921
8,3808,bevallen,2561,99.7394482267791
9,3809,operaties,2561,99.740875109389
10,3810,kwetsen,2560,99.7423014348405
11,3811,diefstal,2559,99.74372720313363
12,3812,dieven,2559,99.74515297142676
13,3813,ontwikkeld,2558,99.7465781825615
14,3814,goedkope,2555,99.74800172222112
15,3815,klaarmaken,2554,99.74942470472236
16,3816,smeken,2551,99.75084601574845
17,3817,paus,2550,99.75226676961616
18,3818,straffen,2549,99.75368696632549
19,3819,schut,2547,99.75510604871808
20,3820,voorwaarden,2546,99.75652457395226
21,3821,asjeblieft,2545,99.75794254202809
22,3822,bestond,2544,99.75935995294552
23,3823,brachten,2542,99.7607762495462
24,3824,nadert,2541,99.7621919889885
25,3825,glorie,2540,99.76360717127241
26,3826,overdag,2538,99.76502123923957
27,3827,telefoonnummer,2537,99.76643475004836
28,3828,doorgaat,2535,99.76784714654038
29,3829,omgekomen,2534,99.76925898587402
30,3830,bestuur,2531,99.77066915373253
31,3831,auditie,2531,99.77207932159102
32,3832,lager,2530,99.77348893229116
33,3833,gekken,2530,99.77489854299128
34,3834,bood,2530,99.7763081536914
35,3835,begrip,2530,99.77771776439153
36,3836,generatie,2528,99.77912626077489
37,3837,wetenschappers,2528,99.78053475715825
38,3838,ademt,2527,99.78194269638324
39,3839,eenzame,2526,99.78335007844984
40,3840,beu,2525,99.78475690335807
41,3841,Stephen,2524,99.78616317110792
42,3842,trouwde,2524,99.78756943885777
43,3843,opties,2523,99.78897514944924
44,3844,hogere,2522,99.79038030288233
45,3845,hing,2520,99.79178434199865
46,3846,hakken,2518,99.79318726679823
47,3847,tekort,2516,99.79458907728103
48,3848,doorzoeken,2515,99.79599033060546
49,3849,handschoenen,2515,99.7973915839299
50,3850,draad,2514,99.79879228009595
51,3851,bingo,2513,99.80019241910362
52,3852,air,2513,99.8015925581113
53,3853,diensten,2512,99.8029921399606
54,3854,helm,2512,99.80439172180988
55,3855,eed,2511,99.80579074650079
56,3856,timing,2511,99.80718977119172
57,3857,instappen,2509,99.80858768156587
58,3858,korporaal,2509,99.80998559194002
59,3859,pappie,2509,99.81138350231417
60,3860,complete,2508,99.81278085552995
61,3861,bijeen,2507,99.81417765158734
62,3862,uitgevonden,2507,99.81557444764474
63,3863,district,2506,99.81697068654375
64,3864,leiders,2505,99.8183663682844
65,3865,speciaals,2505,99.81976205002503
66,3866,lokken,2504,99.8211571746073
67,3867,congres,2503,99.82255174203117
68,3868,blinde,2502,99.82394575229667
69,3869,uitstappen,2502,99.82533976256217
70,3870,compagnie,2501,99.82673321566928
71,3871,overleed,2500,99.82812611161802
72,3872,totale,2500,99.82951900756676
73,3873,stoute,2499,99.83091134635713
74,3874,baard,2499,99.83230368514748
75,3875,Thanksgiving,2499,99.83369602393783
76,3876,standaard,2497,99.83508724841144
77,3877,Halloween,2495,99.83647735856829
78,3878,kou,2493,99.83786635440836
79,3879,haren,2493,99.83925535024845
80,3880,schakelen,2493,99.84064434608852
81,3881,nachtmerries,2493,99.84203334192861
82,3882,jongedame,2492,99.84342178061031
83,3883,gezegend,2492,99.84481021929201
84,3884,Fransen,2492,99.84619865797373
85,3885,mazzel,2491,99.84758653949704
86,3886,legaal,2490,99.84897386386199
87,3887,falen,2489,99.85036063106855
88,3888,dog,2489,99.85174739827512
89,3889,Bourne,2488,99.8531336083233
90,3890,coke,2487,99.85451926121311
91,3891,serieuze,2486,99.85590435694454
92,3892,transport,2486,99.85728945267597
93,3893,tenen,2485,99.858673991249
94,3894,Houston,2485,99.86005852982206
95,3895,salaris,2485,99.8614430683951
96,3896,offer,2485,99.86282760696815
97,3897,knopen,2484,99.86421158838282
98,3898,Gloria,2481,99.86559389832235
99,3899,respecteren,2481,99.86697620826187
100,3900,kwetsbaar,2481,99.8683585182014
101,3901,nucleaire,2481,99.86974082814093
102,3902,freak,2478,99.87112146660533
103,3903,slaag,2477,99.87250154791134
104,3904,bevroren,2477,99.87388162921735
105,3905,herkende,2477,99.87526171052336
106,3906,innemen,2475,99.87664067751261
107,3907,veertien,2473,99.8780185301851
108,3908,zochten,2472,99.87939582569922
109,3909,bedank,2469,99.88077144973819
110,3910,achtervolgen,2468,99.88214651661879
111,3911,vergunning,2467,99.883521026341
112,3912,gij,2466,99.88489497890484
113,3913,menigte,2465,99.88626837431029
114,3914,herhalen,2464,99.88764121255737
115,3915,Italië,2463,99.88901349364608
116,3916,stille,2463,99.89038577473477
117,3917,Brooklyn,2463,99.89175805582347
118,3918,plaat,2462,99.89312977975379
119,3919,regelt,2457,99.8944987178922
120,3920,autoriteiten,2456,99.89586709887224
121,3921,intelligent,2456,99.89723547985228
122,3922,jood,2454,99.89860274651558
123,3923,gebeden,2453,99.89996945602047
124,3924,apen,2452,99.901335608367
125,3925,weigert,2452,99.90270176071353
126,3926,beroven,2451,99.90406735590166
127,3927,blanken,2451,99.90543295108981
128,3928,modder,2451,99.90679854627795
129,3929,gewapende,2450,99.90816358430772
130,3930,goedmaken,2450,99.90952862233749
131,3931,vampiers,2450,99.91089366036725
132,3932,schuilplaats,2450,99.91225869839701
133,3933,bewaken,2449,99.9136231792684
134,3934,verbazingwekkend,2449,99.91498766013979
135,3935,verf,2448,99.91635158385279
136,3936,Jamal,2448,99.91771550756579
137,3937,tijger,2447,99.91907887412042
138,3938,mode,2447,99.92044224067504
139,3939,volwassenen,2444,99.92180393575454
140,3940,overdreven,2443,99.92316507367565
141,3941,Shane,2442,99.92452565443837
142,3942,woning,2441,99.92588567804272
143,3943,agenda,2441,99.92724570164707
144,3944,opsluiten,2440,99.92860516809304
145,3945,drankjes,2438,99.92996352022224
146,3946,doorstaan,2437,99.93132131519307
147,3947,telefoons,2437,99.9326791101639
148,3948,kick,2436,99.93403634797636
149,3949,Meredith,2436,99.93539358578882
150,3950,lesje,2435,99.93675026644289
151,3951,diamant,2435,99.93810694709695
152,3952,stapt,2434,99.93946307059265
153,3953,maatschappij,2434,99.94081919408835
154,3954,pet,2432,99.94217420326727
155,3955,gids,2432,99.94352921244621
156,3956,ticket,2431,99.94488366446676
157,3957,delict,2431,99.94623811648732
158,3958,schouders,2430,99.9475920113495
159,3959,revolutie,2429,99.94894534905329
160,3960,verslaafd,2429,99.95029868675708
161,3961,cultuur,2428,99.9516514673025
162,3962,besproken,2425,99.95300257637278
163,3963,gene,2425,99.95435368544305
164,3964,revolver,2424,99.95570423735495
165,3965,prijzen,2422,99.95705367495009
166,3966,geland,2422,99.95840311254523
167,3967,staal,2420,99.9597514358236
168,3968,sms,2419,99.96109920194361
169,3969,broodje,2419,99.9624469680636
170,3970,Trevor,2419,99.96379473418361
171,3971,afspreken,2418,99.96514194314523
172,3972,metaal,2418,99.96648915210685
173,3973,teruggeven,2418,99.96783636106846
174,3974,gesneden,2417,99.96918301287171
175,3975,Shrek,2416,99.97052910751657
176,3976,getroffen,2414,99.97187408784467
177,3977,undercover,2412,99.97321795385602
178,3978,bossen,2411,99.97456126270899
179,3979,haak,2411,99.97590457156194
180,3980,griet,2410,99.97724732325653
181,3981,Moskou,2407,99.97858840347598
182,3982,krijt,2407,99.97992948369543
183,3983,algemeen,2406,99.98127000675649
184,3984,Spock,2406,99.98261052981756
185,3985,actrice,2405,99.98395049572025
186,3986,Jess,2405,99.98529046162294
187,3987,redding,2404,99.98662987036724
188,3988,legde,2404,99.98796927911155
189,3989,zinloos,2401,99.98930701638072
190,3990,dertien,2401,99.99064475364989
191,3991,cocaïne,2401,99.99198249091906
192,3992,plots,2399,99.99331911387146
193,3993,gevolg,2399,99.99465573682387
194,3994,troon,2399,99.99599235977628
195,3995,non,2399,99.99732898272869
196,3996,klappen,2398,99.99866504852272
197,3997,zeuren,2396,100.0
