Лемма 	Лемма 	Часть речи 	Частота (ipm) 	Худ.лит.1950-60-е 	1970-80-е 	1990-2000-е 	Публ. 1950-60-е 	1970-80-е 	1990-2000-е
1  	и	и	conj	35801.8	37546.0	39187.7	36514.7	36703.6	38352.1	35539.5
2  	в	в	pr	31374.2	23943.5	25005.7	26185.7	35295.3	33264.3	36372.5
3  	не	не	part	18028.0	21154.3	22921.5	22349.1	16127.4	18796.9	16853.2
4  	на	на	pr	15867.3	17169.9	16411.7	16663.0	15249.8	15961.9	16675.2
5  	я	я	spro	12684.4	17022.7	17090.5	18257.0	13881.5	16386.7	10447.1
6  	быть	быть	v	12160.7	12467.9	13492.8	12778.1	14458.2	15091.8	12646.0
7  	он	он	spro	11791.1	19708.0	18587.1	16882.0	11721.6	12799.3	8811.7
8  	с	с	pr	11311.9	11186.1	10974.4	11655.3	11060.5	11662.5	11462.7
9  	что	что	conj	8354.0	8155.2	8313.9	8938.8	7634.5	9702.4	8743.1
10  	а	а	conj	8198.0	10298.0	10772.2	9897.5	5748.9	7643.3	7298.8
11  	по	по	pr	5786.7	4506.0	4616.7	4840.0	5059.6	5353.8	6656.1
12  	это	это	spro	5707.8	6038.4	6137.5	5946.6	5378.3	6614.3	5831.8
13  	она	она	spro	5592.4	8375.6	8348.8	9474.0	5302.7	4673.6	3733.1
14  	этот	этот	apro	5414.0	5140.8	4817.3	4723.1	6032.0	6689.8	5919.4
15  	к	к	pr	5389.0	5698.6	5318.7	5363.7	5874.9	5954.7	5341.7
16  	но	но	conj	5381.4	5698.3	6201.0	6256.6	5234.5	6324.1	5597.2
17  	они	они	spro	4850.0	5869.7	5636.6	5358.9	4683.0	5658.6	4788.9
18  	мы	мы	spro	4704.8	4525.6	4482.9	4194.8	5424.2	8155.8	5241.8
19  	как	как	conj	4403.7	4658.0	4819.5	4948.4	4149.3	4650.9	4248.5
20  	из	из	pr	4314.1	3804.5	3846.3	4290.8	4634.1	4804.2	4774.0
21  	у	у	pr	4306.1	5164.8	5315.6	5353.6	3849.9	4423.8	3873.6
22  	который	который	apro	4209.0	2800.6	2780.2	3296.8	4373.2	4813.4	4998.2
23  	то	то	spro	3964.4	3161.1	3303.3	3673.5	3636.4	4309.7	4498.0
24  	за	за	pr	3904.1	4502.2	4400.6	4493.4	4066.3	3895.2	3999.8
25  	свой	свой	apro	3825.5	3887.9	3824.5	3882.2	4648.9	4510.8	4273.2
26  	что	что	spro	3810.2	5126.0	5073.6	5163.3	2918.9	3480.3	3121.2
27  	весь	весь	apro	3786.3	4011.8	3985.9	3675.6	4816.4	4389.7	4074.7
28  	год	год	s	3727.5	1225.1	1631.8	1469.0	5373.8	4550.0	5660.9
29  	от	от	pr	3672.5	3490.4	3551.8	3670.5	3375.5	3634.4	3665.1
30  	так	так	advpro	3440.4	4226.3	4095.0	4077.7	2987.1	3388.6	3086.5
31  	о	о	pr	3407.1	2619.2	2524.8	2572.9	4502.2	4348.6	3951.3
32  	для	для	pr	3229.3	1784.3	1764.1	1846.3	3116.1	3394.8	3925.2
33  	ты	ты	spro	3171.2	5889.3	5881.9	6319.7	1294.2	1423.4	1204.2
34  	же	же	part	3144.3	3778.4	3961.8	3711.5	3248.0	3720.6	2975.5
35  	все	все	spro	3106.8	4022.1	4294.9	3935.1	2800.3	3376.5	2830.4
36  	тот	тот	apro	2967.1	2597.8	2589.0	2746.2	3291.0	3510.0	3201.0
37  	мочь	мочь	v	2912.3	2905.8	2883.4	2843.5	2447.5	3073.4	2823.4
38  	вы	вы	spro	2906.4	5250.0	4505.1	3843.2	1246.7	2200.4	2155.9
39  	человек	человек	s	2723.0	3236.6	2799.9	2476.3	3231.7	4119.7	2853.2
40  	такой	такой	apro	2696.8	2580.3	2650.9	2644.7	2260.7	2910.2	2695.6
41  	его	его	apro	2577.9	2705.2	2531.3	2692.1	3354.8	2839.8	2604.7
42  	сказать	сказать	v	2396.6	5313.8	4686.2	3599.9	1632.2	2110.8	1436.1
43  	только	только	part	2391.7	2651.0	2452.0	2474.2	2460.8	2713.9	2468.8
44  	или	или	conj	2345.0	1459.9	1783.4	1850.9	1879.7	2293.2	2276.2
45  	еще	еще	adv	2323.9	2974.4	3088.3	2857.0	2425.3	2634.7	2219.8
46  	бы	бы	part	2322.4	2829.3	3026.3	2821.8	2274.1	2801.2	2120.5
47  	себя	себя	spro	2272.8	2664.4	2879.3	2912.8	2066.5	2431.8	1998.7
48  	один	один	apro	2245.7	2231.6	2183.2	2171.2	2280.0	2646.1	2441.2
49  	как	как	advpro	2212.7	2746.9	2714.3	2609.4	2278.5	2362.5	2015.4
50  	уже	уже	adv	2179.2	2294.7	2548.3	2590.0	2066.5	2303.1	2256.1
51  	до	до	pr	2061.1	1764.1	1926.0	1896.6	1913.8	2125.2	2274.8
52  	время	время	s	2015.7	1597.3	1590.1	1702.9	2030.9	2592.5	2350.8
53  	если	если	conj	1998.1	1782.2	1864.3	2021.5	1280.8	1879.0	2042.5
54  	сам	сам	apro	1986.3	2118.7	2340.1	2394.0	1801.2	2058.0	1947.0
55  	когда	когда	conj	1895.7	2193.2	2160.8	2167.9	2122.8	2664.8	1880.3
56  	другой	другой	apro	1837.3	1564.0	1564.9	1507.5	2090.2	2205.1	1946.4
57  	вот	вот	part	1785.1	2814.6	2670.7	2176.5	1451.3	1665.9	1321.8
58  	говорить	говорить	v	1755.0	2595.2	2241.0	2047.9	1909.4	1993.1	1530.5
59  	наш	наш	apro	1731.8	1299.2	1425.9	1235.6	2558.7	2956.4	2277.9
60  	мой	мой	apro	1720.3	1765.1	1930.4	2307.2	2802.1	2375.6	1706.4
61  	знать	знать	v	1713.8	2504.1	2591.9	2526.6	1561.0	1986.5	1215.6
62  	стать	стать	v	1621.8	1862.4	1728.9	1692.5	1435.0	1872.4	1873.3
63  	при	при	pr	1550.8	684.7	751.4	781.0	1085.1	1201.1	1612.6
64  	чтобы	чтобы	conj	1479.7	1459.4	1451.2	1588.4	1561.0	2012.5	1585.7
65  	дело	дело	s	1412.1	1399.0	1377.6	1433.1	1267.5	1757.6	1465.2
66  	жизнь	жизнь	s	1389.8	1109.9	1304.2	1347.1	1921.2	1927.0	1512.5
67  	кто	кто	spro	1374.8	1621.6	1732.3	1877.7	1162.2	1408.0	1281.0
68  	первый	первый	anum	1345.6	943.1	1024.6	1002.0	1692.9	1669.2	1721.0
69  	очень	очень	adv	1286.8	1263.5	1199.9	1141.9	1491.3	1655.2	1483.3
70  	два	два	num	1285.1	1254.5	1281.0	1339.7	1163.7	1330.6	1348.0
71  	день	день	s	1258.4	1277.8	1302.1	1274.9	1909.0	1798.1	1364.0
72  	ее	ее	apro	1219.2	1329.0	1174.2	1587.9	1589.2	1191.2	1074.5
73  	новый	новый	a	1217.5	711.3	662.6	691.1	1479.5	1408.7	1696.3
74  	рука	рука	s	1200.6	2468.9	2037.5	2088.1	1105.9	965.9	693.0
75  	даже	даже	part	1179.8	1285.2	1366.1	1426.0	1055.5	1286.2	1223.5
76  	во	во	pr	1167.8	906.4	1014.1	1009.2	1521.0	1408.0	1347.5
77  	со	со	pr	1151.3	1223.8	1210.2	1263.1	1301.6	1289.5	1170.4
78  	раз	раз	s	1131.8	1237.5	1323.3	1349.2	1184.5	1255.0	1107.3
79  	где	где	advpro	1129.2	1282.9	1345.8	1317.0	1446.9	1291.3	1125.3
80  	там	там	advpro	1128.1	1428.0	1485.8	1452.5	1036.2	1067.5	886.5
81  	под	под	pr	1126.0	1405.5	1392.4	1411.6	1200.8	1042.6	1062.4
82  	можно	можно	adv	1125.9	778.6	839.4	895.8	889.5	1166.2	1278.5
83  	ну	ну	part	1114.6	2007.1	1862.0	1712.0	375.1	502.6	480.1
84  	какой	какой	apro	1091.7	1434.0	1474.8	1367.1	954.7	1200.7	920.1
85  	после	после	pr	1080.1	783.6	763.8	915.9	1119.2	1405.0	1349.6
86  	их	их	apro	1076.0	665.4	640.9	767.3	1045.1	1128.4	1156.9
87  	работа	работа	s	1058.3	661.5	583.8	546.5	1243.8	1278.5	1273.2
88  	без	без	pr	1018.8	1003.2	1169.5	1165.7	950.2	1162.9	1016.9
89  	самый	самый	apro	1007.4	980.3	906.3	912.4	1120.7	1066.1	1227.3
90  	потом	потом	advpro	1006.1	1538.3	1393.5	1499.9	796.1	1245.5	802.5
91  	надо	надо	adv	993.2	1348.1	1497.5	1209.9	858.3	1068.6	865.5
92  	хотеть	хотеть	v	991.3	1344.0	1372.7	1412.5	716.0	930.7	802.4
93  	ли	ли	part	981.7	1014.9	1192.1	1212.9	1000.6	1090.3	945.6
94  	слово	слово	s	967.9	989.9	1054.5	970.5	1217.1	1086.2	981.7
95  	идти	идти	v	957.1	1629.5	1347.5	1090.8	978.4	1171.3	871.6
96  	большой	большой	a	944.4	925.5	856.5	765.2	1366.8	1252.0	1099.0
97  	должен	должен	a	944.2	669.1	647.9	670.5	840.5	985.7	1115.7
98  	место	место	s	926.6	860.9	891.7	893.8	741.2	1046.2	974.1
99  	иметь	иметь	v	906.7	503.0	607.8	603.0	713.0	938.8	1006.2
100  	ничто	ничто	spro	902.8	1428.5	1376.5	1368.6	810.9	768.5	662.3
101  	то	то	conj	902.4	847.6	781.2	806.3	759.0	953.4	1005.7
102  	сейчас	сейчас	advpro	897.3	1358.0	1075.7	1092.8	692.6	815.0	838.7
103  	тут	тут	advpro	879.2	1374.5	1566.2	1361.7	772.4	1134.7	611.7
104  	лицо	лицо	s	878.0	1352.9	1019.2	1062.3	756.0	647.9	562.0
105  	каждый	каждый	apro	875.9	850.6	800.9	719.2	1165.2	1172.8	934.7
106  	друг	друг	s	874.2	927.0	1051.7	1053.4	899.8	996.4	842.5
107  	нет	нет	adv	874.0	951.6	1025.2	1024.6	704.2	844.9	853.0
108  	теперь	теперь	advpro	871.8	1397.0	1332.4	1210.9	865.7	871.3	726.4
109  	ни	ни	part	858.2	1038.5	1065.8	1117.0	1031.8	950.1	831.4
110  	глаз	глаз	s	857.6	1852.3	1483.0	1544.7	766.4	664.4	465.6
111  	тоже	тоже	adv	841.5	1176.9	1235.2	1124.3	727.9	866.9	671.4
112  	тогда	тогда	advpro	835.6	912.8	979.9	942.8	969.5	1319.5	848.6
113  	видеть	видеть	v	818.2	1321.2	1205.7	1133.9	1019.9	968.9	606.1
114  	вопрос	вопрос	s	805.8	402.9	414.4	466.1	609.3	1051.8	993.0
115  	через	через	pr	805.4	873.8	832.0	925.2	767.9	939.9	792.9
116  	да	да	conj	801.0	1350.2	1375.1	1241.9	484.8	659.6	522.4
117  	здесь	здесь	advpro	796.8	1032.1	935.7	935.5	804.3	765.6	748.4
118  	дом	дом	s	792.6	831.6	931.1	948.5	1220.0	963.3	865.9
119  	да	да	part	787.5	1121.6	1146.1	1181.7	382.5	443.5	430.0
120  	потому	потому	advpro	769.3	747.1	926.7	924.0	535.2	937.7	720.7
121  	сторона	сторона	s	768.3	813.4	743.5	795.1	492.2	663.3	700.7
122  	какой-то	какой-то	apro	762.6	853.6	1012.0	1070.8	802.0	986.8	639.2
123  	думать	думать	v	755.5	1283.6	1159.1	1075.5	595.9	790.2	536.4
124  	сделать	сделать	v	743.5	758.6	694.0	767.5	859.8	884.1	821.9
125  	страна	страна	s	725.7	183.8	148.7	232.5	762.0	785.0	1237.3
126  	жить	жить	v	725.5	728.8	905.2	843.9	1027.3	952.7	736.5
127  	чем	чем	conj	721.1	603.1	562.6	646.2	794.6	896.2	815.8
128  	мир	мир	s	714.7	378.4	406.1	492.0	925.0	661.1	902.5
129  	об	об	pr	714.5	547.7	519.1	507.8	868.7	876.4	796.3
130  	последний	последний	a	712.6	539.7	622.7	651.0	810.9	671.7	868.0
131  	случай	случай	s	709.7	399.3	445.2	483.6	560.4	642.4	753.7
132  	голова	голова	s	709.4	1529.4	1258.1	1298.8	501.1	485.0	369.6
133  	более	более	adv	706.2	309.3	356.8	432.4	659.7	695.9	895.6
134  	делать	делать	v	701.1	737.9	742.0	764.1	644.9	827.6	712.1
135  	что-то	что-то	spro	667.6	870.2	1052.3	1047.0	527.8	716.8	470.6
136  	смотреть	смотреть	v	667.2	1223.5	904.7	869.1	467.0	563.5	415.5
137  	ребенок	ребенок	s	658.3	375.4	501.5	551.5	764.9	582.9	638.8
138  	просто	просто	part	656.5	547.1	585.0	806.7	341.0	585.1	652.2
139  	конечно	конечно	adv	647.3	717.6	736.9	750.6	609.3	766.0	671.5
140  	сила	сила	s	645.8	621.9	528.0	531.2	729.4	714.2	707.3
141  	российский	российский	a	644.6	4.4	20.1	62.4	28.2	74.8	1001.0
142  	конец	конец	s	634.7	607.8	637.2	661.8	622.6	746.2	709.0
143  	перед	перед	pr	626.7	863.9	754.2	735.6	665.6	701.0	564.8
144  	несколько	несколько	num	623.7	630.4	481.0	573.7	668.6	930.3	755.8
145  	вид	вид	s	620.1	400.6	458.2	532.9	477.3	494.9	555.3
146  	система	система	s	617.8	85.8	65.1	72.5	137.9	208.4	726.2
147  	всегда	всегда	advpro	611.9	632.2	658.7	655.8	845.0	908.3	648.5
148  	работать	работать	v	611.2	530.7	471.2	415.1	732.3	931.1	849.3
149  	между	между	pr	607.5	441.0	409.9	462.2	613.7	580.0	634.5
150  	три	три	num	596.7	562.4	623.8	600.4	612.2	639.4	646.0
151  	нет	нет	part	589.2	1000.3	1044.3	869.6	292.0	428.9	352.1
152  	понять	понять	v	588.2	855.5	907.3	954.6	526.3	566.0	408.9
153  	пойти	пойти	v	587.2	1223.1	1021.0	859.7	421.0	486.4	401.2
154  	часть	часть	s	585.4	264.3	261.9	270.5	358.8	505.9	687.8
155  	спросить	спросить	v	573.9	1416.2	1179.5	1106.8	320.2	405.4	233.3
156  	город	город	s	573.4	497.0	524.4	501.8	585.6	761.2	736.5
157  	дать	дать	v	573.1	691.9	682.6	652.2	548.5	695.9	542.3
158  	также	также	adv	569.9	97.5	107.2	109.1	567.8	348.1	684.4
159  	никто	никто	spro	562.2	751.0	795.4	802.5	514.4	568.6	505.9
160  	понимать	понимать	v	559.7	820.1	799.0	788.2	455.1	545.5	443.5
161  	получить	получить	v	557.7	299.7	306.9	308.5	508.5	545.9	709.5
162  	отношение	отношение	s	557.4	159.2	177.0	226.2	524.8	562.8	678.8
163  	лишь	лишь	part	552.5	361.2	467.1	501.7	505.5	754.6	636.2
164  	второй	второй	anum	552.4	457.1	467.6	489.9	530.7	502.2	637.9
165  	именно	именно	part	551.4	322.4	386.9	471.6	459.6	625.1	680.4
166  	ваш	ваш	apro	547.5	773.6	723.4	652.4	296.5	388.5	496.1
167  	хотя	хотя	conj	546.9	396.5	579.9	589.1	391.4	678.3	609.7
168  	ни	ни	conj	543.5	605.8	701.1	681.9	601.9	615.9	540.0
169  	сидеть	сидеть	v	538.1	1029.4	979.4	874.5	535.2	635.0	336.2
170  	над	над	pr	537.0	841.2	735.3	645.4	724.9	566.0	484.3
171  	женщина	женщина	s	533.3	582.1	657.4	804.0	483.3	535.2	428.1
172  	оказаться	оказаться	v	531.9	395.6	416.4	609.4	438.8	567.1	645.4
173  	русский	русский	a	530.5	215.9	257.6	343.6	1003.6	584.8	783.2
174  	один	один	anum	529.5	646.0	609.3	566.2	530.7	552.8	535.4
175  	взять	взять	v	525.8	862.6	840.0	751.3	400.3	475.4	410.4
176  	прийти	прийти	v	523.3	749.7	699.0	645.6	603.4	598.0	481.1
177  	являться	являться	v	522.9	64.0	76.7	93.0	391.4	226.3	549.5
178  	деньги	деньги	s	512.4	298.6	383.1	654.5	206.1	314.0	663.6
179  	почему	почему	advpro	507.2	715.9	681.2	695.1	386.9	500.8	419.4
180  	вдруг	вдруг	adv	503.2	1030.5	908.4	888.5	403.2	474.7	291.4
181  	любить	любить	v	503.1	587.7	701.8	635.0	698.2	614.1	461.1
182  	стоить	стоить	v	501.9	547.7	542.8	562.0	432.9	485.7	532.6
183  	почти	почти	adv	501.7	447.2	536.1	592.5	644.9	633.2	540.5
184  	земля	земля	s	494.4	802.5	622.2	525.0	624.1	681.2	420.3
185  	общий	общий	a	492.4	216.1	244.2	292.7	415.1	503.3	529.3
186  	ведь	ведь	part	491.9	825.6	778.8	676.8	366.2	551.7	402.2
187  	машина	машина	s	490.4	831.1	427.0	605.7	449.2	372.0	508.4
188  	однако	однако	conj	487.1	192.3	353.8	298.4	342.4	523.9	642.0
189  	сразу	сразу	adv	486.0	710.7	692.4	682.8	421.0	491.2	423.9
190  	хорошо	хорошо	adv	485.7	627.6	635.1	541.2	560.4	649.3	444.6
191  	вода	вода	s	484.8	679.5	623.6	547.8	467.0	477.3	387.0
192  	отец	отец	s	484.1	576.4	650.5	625.7	3079.0	587.3	393.9
193  	высокий	высокий	a	483.3	456.8	379.2	350.5	524.8	461.1	517.5
194  	остаться	остаться	v	482.7	585.6	591.8	585.1	521.8	538.9	503.7
195  	выйти	выйти	v	480.9	697.6	685.5	678.8	567.8	496.0	432.1
196  	много	много	num	480.0	467.2	446.9	404.1	693.8	747.3	589.6
197  	проблема	проблема	s	474.9	37.2	69.8	153.2	142.3	283.9	700.7
198  	начать	начать	v	473.3	582.4	501.6	540.8	375.1	520.2	509.9
199  	хороший	хороший	a	471.4	556.7	573.9	481.1	557.4	641.2	485.4
200  	час	час	s	468.1	514.9	490.7	498.1	587.0	581.5	463.7
201  	это	это	part	466.7	513.1	478.7	431.8	296.5	443.9	480.1
202  	сегодня	сегодня	adv	463.5	426.8	424.6	399.3	315.8	388.9	604.1
203  	право	право	s	461.4	166.8	179.7	168.1	197.2	303.8	498.9
204  	совсем	совсем	adv	460.5	711.8	712.4	642.2	440.3	470.7	381.5
205  	нога	нога	s	459.2	947.2	779.9	825.0	392.9	325.8	245.8
206  	считать	считать	v	455.3	357.3	338.8	327.4	449.2	610.4	582.3
207  	главный	главный	a	454.6	242.8	226.1	242.2	360.2	493.0	702.0
208  	решение	решение	s	453.4	99.6	99.0	88.9	231.3	374.2	557.9
209  	увидеть	увидеть	v	452.4	828.8	702.3	654.6	486.2	517.3	341.1
210  	дверь	дверь	s	450.8	805.2	822.2	940.0	327.6	298.6	209.9
211  	казаться	казаться	v	448.2	756.5	501.0	550.7	573.7	638.7	395.8
212  	образ	образ	s	445.9	159.3	187.1	229.8	501.1	431.1	491.4
213  	писать	писать	v	444.3	374.7	434.3	335.6	1086.6	773.0	534.9
214  	история	история	s	443.9	237.9	241.8	274.1	484.8	615.2	591.8
215  	лучший	лучший	a	443.2	366.4	369.5	412.8	539.6	567.1	554.8
216  	власть	власть	s	435.6	123.7	136.3	179.7	228.3	403.5	742.3
217  	закон	закон	s	433.4	136.5	132.1	135.8	139.3	225.6	573.5
218  	все	все	advpro	433.3	547.0	627.6	569.0	471.4	459.7	381.8
219  	война	война	s	425.9	485.8	421.4	268.9	615.2	927.0	586.8
220  	бог	бог	s	425.4	301.3	445.5	485.3	370.6	265.6	274.4
221  	голос	голос	s	424.5	890.1	764.4	713.9	416.6	327.6	265.1
222  	найти	найти	v	424.1	465.2	446.2	525.5	444.7	410.9	399.0
223  	поэтому	поэтому	advpro	421.3	230.6	212.9	282.5	257.9	407.6	533.3
224  	стоять	стоять	v	419.3	959.6	783.2	694.0	397.3	433.6	237.9
225  	вообще	вообще	adv	417.6	239.8	336.6	456.1	290.6	387.4	427.3
226  	тысяча	тысяча	s	416.0	242.3	195.2	229.4	524.8	511.8	644.5
227  	больше	больше	adv	415.3	509.0	546.6	538.5	446.2	460.0	375.2
228  	вместе	вместе	adv	414.3	459.8	416.9	417.9	520.3	511.0	442.0
229  	маленький	маленький	a	414.1	643.7	534.2	518.8	481.8	535.2	365.7
230  	книга	книга	s	413.9	290.0	321.0	277.1	803.5	601.6	559.5
231  	некоторый	некоторый	apro	410.9	265.1	253.2	256.4	438.8	458.6	492.4
232  	решить	решить	v	409.7	363.7	363.2	485.3	335.0	490.8	480.4
233  	любой	любой	apro	408.8	210.4	243.4	314.7	238.7	370.5	519.5
234  	возможность	возможность	s	407.5	148.5	134.2	155.0	268.3	406.8	516.4
235  	результат	результат	s	403.1	71.4	84.9	96.4	198.7	225.2	482.3
236  	ночь	ночь	s	402.8	649.0	636.9	615.5	514.4	512.5	298.1
237  	стол	стол	s	402.5	788.2	687.2	687.2	429.9	358.8	258.9
238  	никогда	никогда	advpro	401.8	464.9	497.6	536.1	569.3	519.1	378.0
239  	имя	имя	s	401.7	246.5	283.0	353.1	868.7	425.9	497.5
240  	область	область	s	400.2	65.8	49.2	56.7	220.9	296.8	541.7
241  	молодой	молодой	a	400.0	442.2	510.8	459.2	695.3	581.1	428.8
242  	пройти	пройти	v	398.4	511.9	434.3	401.9	398.8	443.5	447.9
243  	например	например	adv	398.0	140.0	174.3	164.9	281.7	352.5	533.0
244  	статья	статья	s	395.0	92.9	100.9	74.0	351.3	224.9	320.6
245  	оно	оно	spro	394.7	438.5	456.2	392.9	369.1	414.5	368.8
246  	число	число	s	393.5	86.5	114.3	115.7	228.3	277.7	487.7
247  	компания	компания	s	392.7	53.7	81.5	133.7	59.3	89.9	753.7
248  	про	про	pr	392.1	542.5	615.6	624.5	278.7	257.9	285.8
249  	государственный	государственный	a	391.3	59.4	48.3	60.0	235.7	205.4	516.9
250  	полный	полный	a	390.6	314.2	345.3	385.5	480.3	409.0	415.1
251  	принять	принять	v	386.9	225.4	248.9	252.8	391.4	435.8	517.1
252  	народ	народ	s	385.6	247.1	266.3	293.9	770.9	577.4	531.3
253  	никакой	никакой	apro	383.7	351.3	447.2	467.5	425.5	419.3	397.9
254  	советский	советский	a	382.9	233.6	209.2	146.7	2033.9	711.0	608.5
255  	жена	жена	s	376.8	377.3	498.1	604.1	357.3	407.9	316.2
256  	настоящий	настоящий	a	374.0	234.1	206.8	235.3	303.9	265.6	362.1
257  	всякий	всякий	apro	373.2	418.3	476.0	484.1	598.9	496.7	323.1
258  	группа	группа	s	372.8	162.3	129.9	111.9	249.1	296.1	475.5
259  	развитие	развитие	s	372.6	53.0	27.8	32.1	214.9	249.8	444.1
260  	процесс	процесс	s	371.7	56.0	43.4	61.8	94.9	275.5	348.8
261  	суд	суд	s	371.1	81.0	108.8	96.2	123.0	187.1	329.1
262  	давать	давать	v	370.7	351.1	352.0	338.6	432.9	490.8	382.0
263  	ответить	ответить	v	370.4	784.3	591.5	601.3	302.4	361.0	240.3
264  	старый	старый	a	368.5	497.7	525.8	460.4	542.6	595.4	340.7
265  	условие	условие	s	368.1	104.2	94.1	80.2	228.3	350.0	425.2
266  	твой	твой	apro	366.6	502.3	585.0	703.8	222.6	219.9	180.9
267  	пока	пока	conj	366.3	455.9	463.1	495.2	324.6	320.3	350.0
268  	средство	средство	s	363.9	70.7	56.0	71.8	179.4	250.2	477.6
269  	помнить	помнить	v	363.1	362.8	482.2	466.9	447.7	614.8	333.1
270  	начало	начало	s	361.4	139.1	174.1	191.5	352.8	482.4	506.8
271  	ждать	ждать	v	360.2	550.9	573.9	522.7	335.0	349.2	300.2
272  	свет	свет	s	359.7	537.9	503.8	513.4	342.4	303.0	265.1
273  	пора	пора	s	358.2	288.2	321.3	319.8	406.2	487.5	453.6
274  	путь	путь	s	357.3	283.2	259.2	278.7	489.2	468.5	399.0
275  	душа	душа	s	356.8	374.0	452.5	465.3	467.0	377.5	300.1
276  	куда	куда	advpro	355.4	505.1	565.9	556.1	296.5	332.0	275.1
277  	нужно	нужно	adv	353.7	351.6	244.7	341.2	342.4	475.4	404.4
278  	разный	разный	a	352.6	231.8	230.1	236.5	268.3	395.8	412.4
279  	нужный	нужный	a	351.9	358.4	378.1	407.9	397.3	457.1	365.9
280  	уровень	уровень	s	348.5	42.0	45.4	69.5	126.0	159.9	442.3
281  	иной	иной	apro	348.3	137.0	179.3	178.3	286.1	343.4	340.1
282  	форма	форма	s	347.8	139.8	126.7	134.1	343.9	317.0	325.5
283  	связь	связь	s	346.1	153.5	116.1	137.0	244.6	284.7	376.0
284  	уж	уж	part	344.4	534.6	595.1	518.2	186.8	299.0	259.6
285  	минута	минута	s	344.2	598.0	477.9	503.9	397.3	410.1	259.1
286  	кроме	кроме	pr	343.6	236.8	269.5	267.8	378.0	347.4	410.8
287  	находиться	находиться	v	342.7	195.0	190.4	205.4	354.3	399.5	418.2
288  	опять	опять	adv	342.2	697.4	752.3	482.2	317.2	271.8	218.1
289  	многий	многий	apro	340.9	135.9	126.6	125.5	425.5	522.8	522.7
290  	белый	белый	a	339.6	551.6	530.8	467.6	424.0	319.5	280.9
291  	собственный	собственный	a	338.3	176.2	245.7	323.5	298.0	301.9	417.1
292  	улица	улица	s	337.8	471.1	455.4	429.2	452.1	376.0	334.4
293  	черный	черный	a	337.5	575.1	484.5	510.4	449.2	268.2	264.1
294  	написать	написать	v	336.2	305.9	353.8	276.3	720.5	527.9	405.1
295  	вечер	вечер	s	335.4	446.3	459.9	449.1	567.8	479.1	322.8
296  	снова	снова	adv	334.4	727.0	488.8	535.3	395.8	348.5	229.0
297  	основной	основной	a	334.1	45.2	50.5	61.8	139.3	166.9	426.1
298  	качество	качество	s	331.7	62.9	70.0	85.8	298.0	242.1	413.7
299  	мысль	мысль	s	331.6	427.1	379.9	417.6	342.4	471.4	259.7
300  	дорога	дорога	s	330.1	554.9	456.7	418.7	386.9	481.7	293.1
301  	мать	мать	s	330.1	539.2	644.9	524.6	416.6	307.8	193.4
302  	действие	действие	s	329.3	96.6	94.5	100.8	182.3	257.5	355.5
303  	месяц	месяц	s	328.0	216.8	232.5	256.3	332.1	391.8	402.1
304  	оставаться	оставаться	v	327.4	263.9	295.8	303.5	343.9	419.3	379.6
305  	государство	государство	s	326.4	101.4	59.5	71.8	170.5	223.4	555.2
306  	язык	язык	s	324.9	199.6	254.8	272.1	416.6	329.4	332.2
307  	любовь	любовь	s	323.9	214.6	276.5	351.0	386.9	306.7	321.8
308  	взгляд	взгляд	s	323.8	410.8	366.7	473.1	244.6	276.6	270.5
309  	мама	мама	s	322.6	483.7	500.3	418.9	521.8	274.0	272.2
310  	играть	играть	v	319.1	246.0	272.0	227.2	327.6	454.9	451.9
311  	далекий	далекий	a	318.3	444.5	450.2	424.4	329.1	317.0	282.2
312  	лежать	лежать	v	318.1	627.1	513.0	508.4	280.2	325.8	179.4
313  	нельзя	нельзя	adv	317.7	397.9	379.7	317.6	370.6	407.2	322.5
314  	век	век	s	317.4	130.3	164.3	141.2	265.4	399.9	374.9
315  	школа	школа	s	316.0	227.4	270.8	206.5	548.5	370.1	384.4
316  	подумать	подумать	v	315.6	704.4	668.5	591.0	161.6	205.1	129.6
317  	уйти	уйти	v	315.6	539.9	481.4	449.3	213.5	282.5	268.6
318  	цель	цель	s	315.5	132.6	124.2	135.4	188.3	243.2	362.2
319  	среди	среди	pr	314.9	284.6	288.1	255.0	450.7	377.9	371.2
320  	общество	общество	s	314.7	100.1	89.1	82.4	253.5	301.2	396.2
321  	посмотреть	посмотреть	v	314.2	662.4	507.5	520.2	170.5	219.0	180.1
322  	деятельность	деятельность	s	313.5	45.2	39.9	41.4	179.4	170.6	344.9
323  	организация	организация	s	312.4	45.5	40.0	40.1	452.1	275.1	413.1
324  	кто-то	кто-то	spro	312.0	345.8	395.3	469.0	237.2	347.4	283.9
325  	вернуться	вернуться	v	311.2	419.5	435.5	450.5	416.6	343.0	280.9
326  	президент	президент	s	311.0	6.6	16.6	60.4	43.0	69.3	685.4
327  	комната	комната	s	310.7	586.7	574.5	503.1	480.3	397.3	191.4
328  	порядок	порядок	s	307.6	189.7	194.2	196.1	238.7	205.1	282.5
329  	момент	момент	s	306.8	164.3	203.5	264.5	149.7	274.8	348.4
330  	театр	театр	s	305.3	64.2	97.6	103.4	1186.0	510.6	604.6
331  	следовать	следовать	v	305.1	219.8	251.9	224.0	333.6	293.5	298.4
332  	читать	читать	v	304.4	347.7	389.9	289.1	524.8	479.1	320.2
333  	письмо	письмо	s	304.3	311.4	291.9	200.0	627.1	566.8	358.2
334  	подобный	подобный	a	301.6	129.6	148.0	170.7	343.9	317.7	375.7
335  	следующий	следующий	a	301.4	133.1	164.3	222.4	306.9	229.3	329.2
336  	утро	утро	s	301.3	438.9	486.2	446.0	345.9	344.6	244.9
337  	особенно	особенно	adv	300.3	222.4	216.4	216.1	406.2	491.6	370.1
338  	помощь	помощь	s	300.1	158.1	153.1	185.5	309.8	278.8	360.1
339  	ситуация	ситуация	s	298.8	19.0	56.9	121.4	32.6	139.8	446.3
340  	роль	роль	s	297.9	65.2	79.2	101.1	339.5	431.1	463.7
341  	бывать	бывать	v	297.3	326.5	352.7	335.2	481.8	460.0	277.9
342  	ходить	ходить	v	296.6	458.5	462.2	377.2	391.4	376.0	243.9
343  	рубль	рубль	s	296.4	100.7	166.5	110.9	146.8	179.8	497.8
344  	начинать	начинать	v	296.0	293.0	268.7	283.4	308.4	365.8	321.6
345  	появиться	появиться	v	294.6	260.9	265.3	293.7	293.5	281.0	378.0
346  	смысл	смысл	s	294.6	140.0	195.3	241.2	247.6	317.7	302.5
347  	состояние	состояние	s	294.4	105.3	119.2	144.6	186.8	239.9	293.8
348  	называть	называть	v	293.4	189.8	223.3	215.7	382.5	336.0	364.0
349  	рядом	рядом	adv	291.8	478.2	429.7	453.1	326.1	300.4	221.3
350  	квартира	квартира	s	290.9	162.0	298.9	447.5	280.2	280.3	303.5
351  	назад	назад	adv	290.7	356.1	297.5	346.3	257.9	261.9	314.4
352  	равный	равный	a	289.7	295.3	315.6	341.4	173.4	191.5	254.1
353  	из-за	из-за	pr	289.6	329.3	326.6	361.6	216.4	275.9	287.0
354  	орган	орган	s	288.4	25.4	62.0	55.7	69.7	131.7	287.7
355  	внимание	внимание	s	286.0	215.3	227.4	224.0	341.0	272.6	315.9
356  	тело	тело	s	285.9	267.6	242.6	388.9	173.4	133.5	174.0
357  	труд	труд	s	285.9	197.8	187.6	185.2	563.3	445.7	298.8
358  	прийтись	прийтись	v	285.5	309.1	281.9	333.6	246.1	326.9	341.3
359  	хотеться	хотеться	v	285.3	406.1	365.3	365.3	274.2	310.4	256.8
360  	сын	сын	s	285.1	274.7	378.2	372.4	341.0	300.1	253.5
361  	мера	мера	s	284.3	126.2	131.7	148.7	253.5	293.9	335.2
362  	пять	пять	num	284.3	305.9	308.4	341.4	277.2	308.1	286.4
363  	смерть	смерть	s	284.1	254.7	260.9	349.1	560.4	394.0	259.2
364  	живой	живой	a	284.0	363.5	348.4	332.4	312.8	310.7	235.9
365  	рынок	рынок	s	283.3	20.0	39.4	69.5	19.3	62.0	522.1
366  	программа	программа	s	282.6	33.3	43.4	58.0	172.0	203.6	471.4
367  	задача	задача	s	282.4	87.6	67.9	61.1	289.1	210.6	324.4
368  	предприятие	предприятие	s	281.6	18.3	15.1	28.2	194.2	198.1	433.6
369  	известный	известный	a	281.1	126.7	150.2	158.6	360.2	317.0	396.2
370  	окно	окно	s	280.8	512.2	549.6	506.6	243.1	217.5	153.7
371  	вести	вести	v	280.3	283.8	259.8	265.1	364.7	401.0	314.6
372  	совершенно	совершенно	adv	280.3	279.7	245.2	327.1	429.9	325.0	290.7
373  	военный	военный	a	278.7	191.1	142.9	113.2	265.4	400.6	439.2
374  	разговор	разговор	s	278.3	399.7	401.1	357.2	329.1	435.1	259.4
375  	показать	показать	v	277.7	285.7	254.0	234.1	308.4	274.4	257.3
376  	правительство	правительство	s	277.7	30.5	25.1	40.0	348.4	184.5	557.9
377  	важный	важный	a	277.0	155.6	142.2	167.6	232.7	319.2	334.0
378  	семья	семья	s	276.6	141.8	221.6	201.6	419.5	423.7	366.8
379  	великий	великий	a	276.3	209.0	216.4	250.0	757.5	371.2	328.1
380  	производство	производство	s	275.6	36.7	31.3	31.9	225.3	260.5	332.5
381  	простой	простой	a	275.3	224.0	227.5	264.0	268.3	281.7	307.7
382  	значит	значит	adv	274.9	486.4	449.7	404.6	164.6	195.9	189.2
383  	третий	третий	anum	274.7	274.5	283.0	269.9	284.6	251.3	294.2
384  	сколько	сколько	num	273.4	332.7	348.3	344.5	277.2	323.9	248.2
385  	огромный	огромный	a	272.1	297.8	210.4	297.9	446.2	392.2	312.7
386  	давно	давно	adv	272.0	340.8	357.9	383.3	212.0	248.4	256.9
387  	политический	политический	a	269.6	61.1	38.1	54.6	315.8	274.8	490.7
388  	информация	информация	s	269.2	40.1	34.9	100.1	37.1	77.4	309.1
389  	действительно	действительно	adv	268.6	242.3	262.7	272.1	223.8	321.7	297.4
390  	положение	положение	s	268.2	158.6	138.4	105.4	278.7	387.8	288.6
391  	поставить	поставить	v	267.3	254.9	257.8	255.8	391.4	323.2	297.6
392  	бояться	бояться	v	266.5	470.0	435.1	408.8	217.9	257.5	188.0
393  	наконец	наконец	adv	265.9	367.6	346.7	383.9	286.1	266.3	233.0
394  	центр	центр	s	265.9	95.2	82.2	127.3	140.8	196.6	405.8
395  	происходить	происходить	v	263.6	121.9	158.2	193.7	226.8	264.1	304.1
396  	ответ	ответ	s	263.3	186.1	217.2	255.4	212.0	238.8	279.9
397  	муж	муж	s	263.0	197.6	239.2	414.1	163.1	207.3	187.2
398  	автор	автор	s	262.1	63.3	114.8	81.4	317.2	212.4	378.0
399  	все-таки	все-таки	part	261.3	375.9	344.2	355.1	185.3	249.1	237.1
400  	стена	стена	s	261.0	405.4	370.3	437.1	306.9	244.7	190.3
401  	существовать	существовать	v	260.9	125.5	131.1	135.1	219.4	256.4	332.5
402  	даже	даже	conj	260.6	280.2	350.6	341.8	216.4	314.8	248.7
403  	интерес	интерес	s	260.6	109.5	115.8	127.0	220.9	234.8	353.8
404  	становиться	становиться	v	259.3	248.5	189.3	208.1	345.4	302.6	295.4
405  	федерация	федерация	s	258.9	0.7	0.5	4.8	17.8	26.8	229.3
406  	правило	правило	s	258.8	69.8	88.2	104.0	127.5	177.6	306.4
407  	оба	оба	num	258.1	355.5	306.1	299.5	244.6	232.6	226.6
408  	часто	часто	adv	257.8	181.7	190.2	162.0	401.7	522.8	309.0
409  	московский	московский	a	257.3	58.0	76.1	114.3	339.5	274.8	456.8
410  	управление	управление	s	256.5	70.9	65.5	45.3	126.0	136.5	352.1
411  	слышать	слышать	v	256.1	433.0	437.8	384.3	219.4	286.5	174.0
412  	быстро	быстро	adv	255.7	437.8	315.3	375.1	217.9	281.0	202.9
413  	смочь	смочь	v	255.1	185.2	198.6	255.8	232.7	209.5	332.7
414  	заметить	заметить	v	253.9	406.8	336.0	389.4	209.0	213.9	193.5
415  	как-то	как-то	advpro	253.2	274.9	334.8	321.6	367.6	385.9	234.2
416  	мужчина	мужчина	s	253.2	202.9	268.2	390.7	109.7	161.4	196.9
417  	долго	долго	adv	253.1	397.6	376.5	348.9	244.6	328.3	215.7
418  	правда	правда	adv	252.4	212.3	286.2	275.7	160.1	261.9	301.9
419  	идея	идея	s	250.8	99.4	103.2	115.8	172.0	294.9	352.3
420  	партия	партия	s	250.4	103.9	98.9	83.2	760.5	612.3	430.8
421  	иногда	иногда	adv	249.8	243.2	253.9	264.2	341.0	410.1	242.6
422  	использовать	использовать	v	249.6	52.1	47.1	65.2	115.6	193.7	278.2
423  	пытаться	пытаться	v	249.4	191.6	236.0	325.3	225.3	192.2	279.2
424  	готовый	готовый	a	248.5	222.4	211.8	258.3	158.6	225.6	293.9
425  	чуть	чуть	adv	248.3	323.5	382.8	401.4	214.9	224.5	201.0
426  	зачем	зачем	advpro	247.7	416.0	456.3	425.5	120.1	162.5	149.2
427  	представить	представить	v	247.2	154.7	167.9	165.2	214.9	188.2	271.0
428  	чувствовать	чувствовать	v	246.9	390.3	352.5	356.9	275.7	331.6	192.8
429  	создать	создать	v	245.9	84.9	64.6	73.6	280.2	296.8	382.0
430  	совет	совет	s	245.5	126.9	96.3	96.7	551.5	337.9	366.1
431  	счет	счет	s	245.4	81.9	103.1	135.5	140.8	178.3	332.0
432  	сердце	сердце	s	245.1	330.4	331.0	310.4	332.1	232.9	199.5
433  	движение	движение	s	244.7	227.9	183.5	194.9	341.0	231.1	246.3
434  	вещь	вещь	s	242.5	237.7	213.3	245.3	240.2	333.5	239.7
435  	материал	материал	s	242.4	82.1	60.6	65.7	332.1	239.2	270.1
436  	неделя	неделя	s	242.2	171.4	208.1	243.0	185.3	230.0	295.9
437  	чувство	чувство	s	242.2	312.3	231.1	263.9	444.7	419.7	232.0
438  	затем	затем	adv	241.3	196.4	246.6	190.0	268.3	275.9	274.0
439  	данный	данный	apro	241.1	36.5	53.7	58.3	51.9	100.9	209.7
440  	заниматься	заниматься	v	240.8	143.4	146.1	173.3	201.6	249.5	332.4
441  	продолжать	продолжать	v	240.6	344.7	307.1	296.4	263.9	268.9	224.4
442  	красный	красный	a	240.5	355.7	303.8	306.3	421.0	299.7	218.0
443  	глава	глава	s	240.2	167.0	123.2	135.3	235.7	179.8	353.6
444  	ко	ко	pr	239.7	303.3	297.6	306.8	274.2	359.9	211.4
445  	слушать	слушать	v	239.5	492.4	413.7	362.3	225.3	266.0	145.8
446  	наука	наука	s	239.0	173.5	164.9	73.6	243.1	257.2	235.8
447  	узнать	узнать	v	238.1	328.1	303.9	316.1	296.5	377.5	216.4
448  	ряд	ряд	s	238.0	123.7	113.8	109.8	298.0	222.3	289.3
449  	газета	газета	s	237.5	200.3	197.5	200.9	548.5	333.8	344.4
450  	причина	причина	s	237.2	92.2	132.5	146.6	180.9	233.3	307.6
451  	против	против	pr	236.5	196.2	158.8	129.9	403.2	390.0	320.4
452  	плечо	плечо	s	236.4	588.8	425.0	467.5	167.5	127.3	95.7
453  	современный	современный	a	236.1	53.4	74.3	52.6	197.2	241.8	329.5
454  	цена	цена	s	236.1	51.6	66.6	90.3	74.1	153.7	389.4
455  	план	план	s	235.3	132.2	105.8	128.3	373.6	296.4	296.2
456  	приехать	приехать	v	234.4	283.1	267.8	274.2	336.5	351.4	257.0
457  	речь	речь	s	234.2	146.4	147.7	175.8	326.1	314.8	293.1
458  	четыре	четыре	num	232.7	228.1	249.0	221.2	263.9	251.7	261.6
459  	отвечать	отвечать	v	232.4	307.2	253.0	261.3	203.1	263.8	228.2
460  	точка	точка	s	232.2	111.1	129.6	125.8	176.4	233.3	255.5
461  	основа	основа	s	231.0	40.2	29.2	27.7	126.0	149.3	239.3
462  	товарищ	товарищ	s	230.6	720.8	527.8	221.0	1024.4	474.3	149.7
463  	культура	культура	s	230.2	33.9	52.7	53.1	338.0	233.3	332.0
464  	слишком	слишком	adv	230.1	231.1	208.0	295.6	312.8	274.4	242.3
465  	рассказывать	рассказывать	v	230.0	290.5	259.8	250.5	382.5	393.3	254.8
466  	вполне	вполне	adv	229.8	96.4	156.2	225.0	197.2	229.7	295.1
467  	далее	далее	adv	229.6	39.7	93.4	87.2	183.8	218.3	259.9
468  	рассказать	рассказать	v	229.4	287.7	246.6	264.8	343.9	359.9	248.7
469  	данные	данные	s	229.0	38.5	38.0	32.8	47.4	67.1	203.7
470  	представлять	представлять	v	228.5	143.2	137.0	166.7	203.1	168.8	230.3
471  	мнение	мнение	s	228.4	75.3	81.7	77.5	152.7	269.6	354.8
472  	социальный	социальный	a	228.2	16.3	18.2	22.5	86.0	135.4	289.7
473  	около	около	pr	228.1	209.3	120.9	105.1	280.2	269.3	325.9
474  	документ	документ	s	226.8	125.0	101.2	120.5	77.1	154.8	278.9
475  	институт	институт	s	226.5	181.5	140.3	105.6	222.4	216.4	299.9
476  	ход	ход	s	226.5	201.5	187.0	173.3	158.6	231.1	266.0
477  	брать	брать	v	226.3	303.8	303.6	281.5	204.6	245.1	206.9
478  	забыть	забыть	v	226.0	321.3	357.5	350.1	219.4	216.8	168.9
479  	проект	проект	s	225.9	36.3	17.6	33.0	69.7	99.4	412.6
480  	ранний	ранний	a	225.7	203.1	229.1	239.8	266.8	290.2	223.3
481  	встреча	встреча	s	224.9	125.3	139.2	194.1	343.9	285.8	305.6
482  	особый	особый	a	224.3	171.0	153.7	133.6	210.5	301.9	270.6
483  	целый	целый	a	222.5	285.0	254.0	227.5	303.9	282.8	224.7
484  	директор	директор	s	222.2	162.9	185.7	123.4	134.9	206.5	355.9
485  	провести	провести	v	222.0	126.0	118.3	137.0	252.0	206.2	290.1
486  	спать	спать	v	221.9	455.3	398.6	382.4	143.8	190.0	109.9
487  	плохой	плохой	a	221.6	278.1	276.8	252.7	203.1	285.4	221.7
488  	может	может	adv	221.0	347.9	385.1	416.3	83.0	89.1	127.8
489  	впрочем	впрочем	adv	220.7	142.5	207.4	261.9	280.2	267.8	278.8
490  	сильный	сильный	a	220.5	263.6	224.1	224.7	237.2	254.6	233.4
491  	наверное	наверное	adv	220.2	258.9	219.8	332.6	166.0	190.4	191.4
492  	скорый	скорый	a	220.0	212.0	223.9	267.1	129.0	202.1	240.3
493  	ведь	ведь	conj	219.9	283.4	207.2	203.3	149.7	324.3	267.6
494  	срок	срок	s	219.7	68.8	79.8	80.0	91.9	227.8	239.3
495  	палец	палец	s	219.1	453.0	396.0	445.2	129.0	126.2	86.7
496  	опыт	опыт	s	218.8	132.2	100.9	86.8	222.4	270.7	261.1
497  	помочь	помочь	v	218.8	256.3	213.8	250.5	235.7	231.5	232.7
498  	больше	больше	num	218.7	165.5	178.9	195.4	228.3	268.2	276.2
499  	приходить	приходить	v	218.2	230.4	243.3	260.8	299.4	347.4	209.3
500  	служба	служба	s	218.1	122.7	102.6	128.7	112.7	145.6	288.4
501  	крупный	крупный	a	217.3	149.4	122.0	123.4	204.6	249.8	298.7
502  	внутренний	внутренний	a	216.1	75.9	81.7	105.1	164.6	219.4	249.2
503  	просить	просить	v	215.9	339.2	341.4	270.9	235.7	287.2	181.4
504  	вспомнить	вспомнить	v	215.5	350.2	307.5	342.8	183.8	180.1	160.2
505  	открыть	открыть	v	214.8	285.5	266.0	319.7	195.7	178.3	177.9
506  	привести	привести	v	214.7	120.3	115.4	123.4	299.4	180.1	239.9
507  	судьба	судьба	s	213.9	171.4	203.6	189.7	275.7	312.2	279.7
508  	пока	пока	adv	213.4	149.4	201.1	226.7	96.4	141.6	252.8
509  	девушка	девушка	s	213.3	344.2	236.6	371.9	305.4	147.8	146.2
510  	поскольку	поскольку	conj	212.8	45.5	101.2	137.2	48.9	126.9	281.4
511  	очередь	очередь	s	212.5	183.1	184.2	180.1	154.2	202.1	255.7
512  	лес	лес	s	211.5	477.7	306.6	200.3	237.2	228.2	143.7
513  	пусть	пусть	part	211.0	288.2	349.5	300.6	164.6	209.5	158.7
514  	экономический	экономический	a	210.6	12.4	7.0	17.6	77.1	100.9	325.7
515  	оставить	оставить	v	210.5	245.7	277.1	296.4	216.4	226.7	184.9
516  	правый	правый	a	210.4	252.4	271.9	273.5	149.7	182.3	174.0
517  	состав	состав	s	209.8	57.2	56.5	48.6	114.2	192.2	261.4
518  	словно	словно	conj	209.2	421.1	330.4	462.4	120.1	150.0	86.3
519  	федеральный	федеральный	a	208.9	0.5	0.0	5.5	0.0	4.0	298.1
520  	спрашивать	спрашивать	v	208.3	429.6	312.2	328.2	152.7	236.2	136.9
521  	принимать	принимать	v	207.7	126.0	140.9	138.4	247.6	257.9	249.7
522  	член	член	s	207.4	90.0	89.1	92.8	372.1	346.3	288.4
523  	искать	искать	v	206.9	252.4	253.5	264.0	266.8	269.6	183.6
524  	близкий	близкий	a	206.8	206.7	203.5	210.4	250.5	243.9	207.4
525  	количество	количество	s	206.7	56.2	57.0	69.1	174.9	197.4	270.1
526  	похожий	похожий	a	206.5	265.3	281.1	319.2	244.6	205.4	169.8
527  	событие	событие	s	206.5	84.7	95.2	115.7	203.1	242.5	288.2
528  	объект	объект	s	206.4	28.4	31.3	36.9	16.3	49.9	171.6
529  	зал	зал	s	206.3	185.4	171.2	203.2	348.4	287.2	283.0
530  	создание	создание	s	206.1	29.4	16.0	25.8	105.2	120.7	294.7
531  	войти	войти	v	205.5	305.6	257.4	284.0	206.1	215.3	179.1
532  	различный	различный	a	205.5	43.8	32.0	24.9	130.4	118.9	205.5
533  	значение	значение	s	205.1	74.6	79.3	64.3	186.8	151.9	132.2
534  	назвать	назвать	v	205.1	126.2	154.2	153.6	228.3	248.7	259.2
535  	достаточно	достаточно	adv	204.7	86.0	86.0	113.1	142.6	190.5	272.1
536  	период	период	s	204.2	36.0	36.8	33.2	204.6	176.1	249.9
537  	хоть	хоть	part	203.9	301.7	327.4	326.1	109.7	150.4	146.6
538  	шаг	шаг	s	203.8	331.4	274.7	259.4	179.4	187.5	162.6
539  	необходимый	необходимый	a	203.7	73.2	73.3	76.9	154.2	205.4	248.6
540  	успеть	успеть	v	203.4	302.0	312.8	343.8	170.5	182.7	155.2
541  	произойти	произойти	v	203.2	155.4	162.6	178.6	222.4	213.5	263.8
542  	брат	брат	s	203.0	258.2	264.4	260.7	360.2	235.9	192.7
543  	искусство	искусство	s	202.6	87.7	88.1	75.8	1141.5	454.9	290.2
544  	единственный	единственный	a	202.2	135.9	158.8	211.2	237.2	209.1	242.3
545  	легкий	легкий	a	202.1	266.8	269.0	248.4	246.1	243.9	177.4
546  	структура	структура	s	202.1	11.7	8.2	21.9	16.3	37.0	222.2
547  	выходить	выходить	v	201.6	259.7	256.8	257.4	191.2	245.4	192.4
548  	номер	номер	s	201.2	151.0	174.2	241.6	149.7	237.7	235.9
549  	предложить	предложить	v	201.2	141.8	135.2	174.5	155.7	267.1	250.5
550  	пример	пример	s	201.2	61.0	93.9	81.3	223.8	208.7	265.0
551  	пить	пить	v	200.9	243.9	357.7	353.3	173.4	144.9	131.2
552  	исследование	исследование	s	200.5	36.5	20.5	12.7	46.0	77.8	144.0
553  	гражданин	гражданин	s	199.4	70.4	71.4	59.8	86.0	69.3	289.8
554  	глядеть	глядеть	v	199.3	505.0	431.3	378.2	131.9	111.2	78.8
555  	человеческий	человеческий	a	199.3	156.5	139.4	153.8	286.1	254.2	183.7
556  	игра	игра	s	199.0	106.0	125.2	142.4	247.6	191.1	284.3
557  	начальник	начальник	s	198.9	286.1	201.4	167.1	170.5	311.8	247.3
558  	сей	сей	apro	198.6	127.1	171.6	170.8	207.5	190.0	267.9
559  	рост	рост	s	198.4	94.5	78.5	86.8	154.2	137.9	266.6
560  	ехать	ехать	v	198.2	321.0	299.9	278.0	220.9	267.1	166.7
561  	международный	международный	a	198.2	17.0	25.2	24.2	161.6	96.8	296.2
562  	тема	тема	s	198.1	68.8	78.1	140.0	292.0	217.2	267.1
563  	принцип	принцип	s	197.9	46.3	44.9	61.5	62.3	129.9	238.4
564  	дорогой	дорогой	a	197.7	195.0	211.9	218.4	252.0	166.2	226.2
565  	попасть	попасть	v	197.7	243.0	218.9	231.9	187.4	253.9	220.3
566  	десять	десять	num	197.4	226.0	234.8	239.9	214.9	242.5	200.8
567  	начаться	начаться	v	197.4	165.7	160.4	163.5	238.7	256.1	273.1
568  	верить	верить	v	197.1	271.5	283.3	254.7	232.7	229.7	172.6
569  	метод	метод	s	197.0	46.1	29.3	25.9	112.7	149.7	129.6
570  	тип	тип	s	197.0	47.7	61.1	85.9	94.9	91.0	170.2
571  	фильм	фильм	s	196.8	51.6	61.1	86.5	293.5	287.2	386.5
572  	небольшой	небольшой	a	196.6	147.1	148.4	167.4	201.6	247.3	227.2
573  	держать	держать	v	196.5	337.1	313.9	299.8	189.8	208.4	138.1
574  	либо	либо	conj	195.7	92.5	84.3	117.2	65.2	117.0	195.7
575  	позволять	позволять	v	194.3	48.9	61.3	70.8	91.9	96.8	209.8
576  	край	край	s	194.0	226.7	200.4	202.1	131.9	193.0	172.2
577  	местный	местный	a	193.3	42.7	78.9	110.9	137.9	180.9	301.9
578  	менее	менее	adv	192.9	72.8	76.6	109.3	210.5	169.1	276.2
579  	гость	гость	s	192.7	193.7	258.6	254.3	172.0	196.3	200.7
580  	купить	купить	v	192.7	139.8	189.0	251.1	87.5	147.5	196.9
581  	уходить	уходить	v	192.7	333.7	283.4	258.6	140.8	209.1	164.9
582  	собираться	собираться	v	192.6	190.4	204.1	260.6	174.9	181.6	205.9
583  	воздух	воздух	s	192.2	313.0	263.9	251.2	185.3	185.3	145.2
584  	туда	туда	advpro	191.7	250.3	271.8	269.1	188.3	225.6	157.4
585  	относиться	относиться	v	191.6	95.7	84.5	89.8	212.0	256.1	218.5
586  	бывший	бывший	a	191.5	92.2	137.5	178.3	158.6	208.7	270.5
587  	требовать	требовать	v	190.9	124.6	139.9	119.9	194.2	253.1	220.8
588  	характер	характер	s	190.7	100.8	99.1	74.0	249.1	308.1	209.4
589  	борьба	борьба	s	190.5	95.5	79.8	68.5	351.3	269.6	297.4
590  	использование	использование	s	190.3	6.0	6.5	8.5	34.1	40.7	151.7
591  	кстати	кстати	adv	190.3	73.2	94.4	192.5	90.4	106.8	264.1
592  	подойти	подойти	v	190.0	431.9	331.1	312.7	103.8	171.3	113.5
593  	размер	размер	s	189.3	47.7	51.2	74.2	74.1	92.8	171.0
594  	удаться	удаться	v	189.1	140.4	122.0	152.5	164.6	181.2	280.0
595  	образование	образование	s	188.9	32.6	37.7	39.3	108.2	139.8	222.3
596  	получать	получать	v	188.2	95.0	100.0	97.0	203.1	237.7	248.4
597  	мальчик	мальчик	s	188.0	313.0	370.0	306.0	226.8	144.5	107.3
598  	кровь	кровь	s	187.8	188.2	212.8	285.4	164.6	129.9	131.2
599  	район	район	s	187.8	92.7	96.8	69.3	409.1	271.8	271.2
600  	небо	небо	s	187.6	349.9	306.9	297.4	217.9	144.2	117.3
601  	американский	американский	a	186.5	34.6	53.0	66.5	206.1	158.5	338.9
602  	армия	армия	s	186.4	181.8	142.6	110.2	271.3	371.6	285.4
603  	класс	класс	s	185.8	150.3	198.2	117.9	220.9	198.5	183.1
604  	представитель	представитель	s	185.7	47.1	43.6	44.5	189.8	134.6	309.8
605  	участие	участие	s	185.6	38.5	42.3	45.4	188.3	153.3	278.4
606  	девочка	девочка	s	185.1	336.2	221.3	315.0	182.3	128.4	112.8
607  	политика	политика	s	184.9	35.8	28.5	37.2	151.2	146.4	343.3
608  	сначала	сначала	adv	184.6	201.3	204.2	228.7	142.3	163.6	180.2
609  	герой	герой	s	184.0	84.7	135.4	157.9	280.2	226.0	266.6
610  	картина	картина	s	183.9	137.7	152.6	136.9	357.3	225.2	241.1
611  	широкий	широкий	a	183.9	234.5	152.3	138.9	225.3	178.3	161.1
612  	доллар	доллар	s	183.1	10.8	10.5	111.5	17.8	82.5	343.6
613  	спина	спина	s	183.1	409.8	320.8	359.6	109.7	109.3	86.6
614  	территория	территория	s	182.9	34.0	51.3	50.0	41.5	99.0	256.3
615  	мировой	мировой	a	182.3	54.9	44.4	44.7	179.4	136.8	285.4
616  	пол	пол	s	181.9	284.5	252.6	324.6	129.0	152.2	112.2
617  	тяжелый	тяжелый	a	180.3	293.0	223.3	220.3	219.4	225.6	162.1
618  	довольно	довольно	adv	180.2	132.4	140.2	173.2	253.5	254.6	215.4
619  	поле	поле	s	180.2	227.0	214.0	145.0	272.8	193.0	157.3
620  	ж	ж	part	179.9	427.1	333.2	293.9	114.2	114.8	84.6
621  	изменение	изменение	s	179.8	22.7	25.1	20.6	37.1	69.3	181.6
622  	умереть	умереть	v	179.7	153.8	193.8	257.4	263.9	237.3	164.8
623  	более	более	num	179.2	24.1	40.5	51.5	142.3	155.2	283.9
624  	направление	направление	s	179.2	84.7	72.3	72.6	91.9	143.8	204.0
625  	рисунок	рисунок	s	179.2	31.9	38.6	32.7	183.8	69.3	83.6
626  	течение	течение	s	179.2	73.2	62.9	58.0	210.5	149.7	210.8
627  	возможный	возможный	a	179.1	62.7	64.7	80.6	100.8	136.8	213.1
628  	церковь	церковь	s	178.6	50.9	62.4	91.8	96.4	121.4	201.7
629  	банк	банк	s	178.1	27.8	21.6	109.2	19.3	51.7	270.3
630  	отдельный	отдельный	a	177.5	75.9	79.8	72.7	158.6	156.3	189.6
631  	средний	средний	a	177.3	51.9	66.9	67.0	126.0	187.8	204.4
632  	красивый	красивый	a	177.2	234.7	226.9	225.2	203.1	177.9	169.4
633  	сцена	сцена	s	177.2	70.5	87.7	107.3	400.3	343.0	303.2
634  	население	население	s	176.5	36.7	34.9	29.2	100.8	146.0	260.1
635  	большинство	большинство	s	176.1	45.4	51.8	54.2	129.0	180.9	281.1
636  	сесть	сесть	v	175.9	412.8	351.1	301.8	131.9	138.3	93.5
637  	двадцать	двадцать	num	175.8	248.5	272.0	251.8	180.9	237.7	134.1
638  	случиться	случиться	v	175.8	230.8	217.0	249.6	134.9	146.7	166.5
639  	музыка	музыка	s	175.7	122.3	181.9	136.0	314.3	271.8	257.8
640  	короткий	короткий	a	175.6	201.9	176.4	221.1	121.6	158.8	136.8
641  	правда	правда	s	175.5	232.4	230.7	206.8	252.0	238.8	164.3
642  	проходить	проходить	v	175.4	173.2	144.5	148.1	209.0	228.6	208.3
643  	составлять	составлять	v	175.0	46.1	31.1	38.0	108.2	97.2	224.1
644  	свобода	свобода	s	174.9	96.8	90.2	117.4	126.0	182.3	220.5
645  	память	память	s	174.5	150.5	184.3	180.6	300.9	282.1	186.3
646  	приходиться	приходиться	v	174.5	134.5	134.9	134.4	201.6	299.0	218.1
647  	причем	причем	conj	174.4	30.7	74.7	122.3	91.9	121.1	246.5
648  	команда	команда	s	174.2	105.5	96.2	76.5	96.4	133.9	304.3
649  	установить	установить	v	174.0	69.8	51.4	46.2	114.2	101.6	170.4
650  	союз	союз	s	173.9	46.1	65.7	61.6	640.4	235.2	310.1
651  	будто	будто	conj	173.8	261.6	342.5	354.0	136.4	146.7	82.4
652  	поднять	поднять	v	173.8	384.3	313.3	287.7	186.8	153.0	101.8
653  	врач	врач	s	173.1	173.2	152.1	190.2	169.0	208.4	182.8
654  	серьезный	серьезный	a	173.0	133.3	108.3	119.1	151.2	210.2	254.2
655  	договор	договор	s	172.8	12.1	17.8	33.8	50.4	64.6	176.0
656  	стараться	стараться	v	172.8	252.9	235.1	212.0	214.9	216.8	156.1
657  	уметь	уметь	v	172.5	237.2	251.8	204.8	190.3	202.3	152.9
658  	встать	встать	v	172.1	354.7	297.7	305.3	145.3	118.5	96.6
659  	дерево	дерево	s	171.9	297.9	223.6	199.2	192.7	153.7	120.3
660  	интересный	интересный	a	171.9	121.8	113.3	120.7	250.5	197.7	233.6
661  	факт	факт	s	171.3	73.7	86.8	83.5	154.2	176.1	211.0
662  	добрый	добрый	a	171.1	221.6	248.4	203.2	213.5	205.1	161.4
663  	всего	всего	part	170.7	112.7	129.4	137.9	142.3	179.4	236.9
664  	хозяин	хозяин	s	170.6	203.7	297.6	229.2	117.1	183.4	158.6
665  	национальный	национальный	a	170.3	22.7	15.2	34.0	127.5	171.3	299.0
666  	однажды	однажды	adv	170.2	159.7	207.7	222.7	305.4	303.8	183.4
667  	длинный	длинный	a	170.1	325.4	251.3	264.7	201.6	166.2	102.4
668  	природа	природа	s	169.9	117.7	129.2	115.5	246.1	268.2	148.4
669  	домой	домой	adv	169.6	247.1	258.2	274.0	197.2	178.7	129.7
670  	страшный	страшный	a	169.1	228.1	219.7	217.6	244.6	186.0	152.1
671  	прошлый	прошлый	a	169.0	93.6	97.0	106.1	143.8	126.6	272.6
672  	будто	будто	part	168.5	285.7	297.1	293.1	198.7	195.9	98.1
673  	общественный	общественный	a	168.1	44.3	43.7	38.7	154.2	186.4	239.2
674  	угол	угол	s	168.1	249.0	272.4	268.1	154.2	126.6	99.4
675  	чтоб	чтоб	conj	168.0	328.4	384.2	286.6	130.4	104.5	72.8
676  	телефон	телефон	s	167.8	160.2	153.1	277.2	120.1	112.3	149.7
677  	позиция	позиция	s	167.6	55.8	57.4	38.9	71.2	160.7	253.5
678  	проводить	проводить	v	167.6	107.2	102.1	107.5	197.2	150.4	196.7
679  	скоро	скоро	adv	167.3	258.4	258.2	233.5	194.2	164.0	138.0
680  	наиболее	наиболее	adv	167.2	48.2	33.6	30.3	169.0	154.1	202.8
681  	двор	двор	s	166.9	236.6	339.4	261.9	226.8	159.9	111.2
682  	обычно	обычно	adv	166.7	116.8	110.5	148.2	146.8	204.7	176.1
683  	бросить	бросить	v	166.5	306.1	281.9	295.0	118.6	131.0	102.3
684  	разве	разве	part	166.4	326.3	269.5	230.6	197.2	191.9	120.9
685  	писатель	писатель	s	166.3	54.4	149.1	129.5	601.9	288.3	245.1
686  	самолет	самолет	s	166.1	169.1	133.5	93.9	343.9	212.8	243.1
687  	объем	объем	s	165.8	8.5	11.2	17.0	32.6	54.7	219.4
688  	далеко	далеко	adv	165.5	213.0	203.3	179.4	238.7	176.8	169.7
689  	род	род	s	165.5	83.1	93.0	125.0	231.3	159.9	183.1
690  	солнце	солнце	s	165.2	366.5	295.4	238.1	243.1	154.4	99.5
691  	вера	вера	s	165.1	259.7	275.6	139.2	235.7	163.6	131.1
692  	берег	берег	s	164.7	369.9	292.5	196.4	213.5	197.4	119.3
693  	спектакль	спектакль	s	164.7	25.9	30.6	41.3	275.7	324.7	350.8
694  	фирма	фирма	s	164.4	28.5	16.9	97.3	22.2	74.5	258.2
695  	способ	способ	s	164.2	71.2	55.2	76.5	117.1	148.9	170.2
696  	завод	завод	s	164.0	109.7	96.2	62.9	330.6	318.4	265.8
697  	цвет	цвет	s	163.6	147.8	135.8	178.5	179.4	150.8	161.4
698  	трудно	трудно	adv	163.3	183.6	160.6	130.1	225.3	290.5	193.3
699  	журнал	журнал	s	162.0	59.5	112.9	83.0	372.1	216.4	243.6
700  	руководитель	руководитель	s	162.0	42.9	35.8	28.2	160.1	184.2	298.2
701  	специалист	специалист	s	161.9	36.9	46.9	45.2	115.6	118.9	250.4
702  	возможно	возможно	adv	161.8	83.1	127.0	158.2	71.2	165.1	195.5
703  	детский	детский	a	161.8	103.0	132.8	144.7	256.5	197.7	180.8
704  	точно	точно	adv	161.7	169.6	172.3	225.2	130.4	135.4	139.9
705  	объяснить	объяснить	v	161.4	179.9	219.0	222.9	143.8	158.5	138.1
706  	оценка	оценка	s	161.4	14.0	17.5	17.0	60.8	112.3	178.1
707  	единый	единый	a	161.3	44.8	69.3	63.8	65.2	108.2	229.5
708  	снять	снять	v	161.3	242.8	195.8	204.9	120.1	183.8	165.5
709  	определенный	определенный	a	161.2	38.6	40.5	50.8	69.7	117.8	176.6
710  	низкий	низкий	a	160.7	139.7	116.8	113.8	108.2	127.7	165.0
711  	нравиться	нравиться	v	160.6	191.2	189.5	206.3	121.6	166.2	139.0
712  	услышать	услышать	v	160.4	241.6	234.4	261.1	126.0	181.6	122.3
713  	регион	регион	s	160.3	0.0	0.0	5.9	0.0	12.5	290.5
714  	связать	связать	v	160.2	69.0	56.1	58.9	102.3	127.7	179.3
715  	песня	песня	s	160.1	125.3	143.1	106.7	140.8	285.4	237.7
716  	процент	процент	s	160.1	25.7	37.2	54.0	214.9	153.3	276.0
717  	родитель	родитель	s	160.0	64.0	124.6	162.9	173.4	180.9	167.5
718  	позволить	позволить	v	159.6	108.8	123.0	119.9	112.7	103.8	189.1
719  	чужой	чужой	a	159.6	190.2	241.5	247.5	131.9	161.4	126.6
720  	море	море	s	159.5	207.6	260.9	154.6	308.4	185.6	150.1
721  	странный	странный	a	159.5	209.7	197.2	264.3	209.0	148.9	129.9
722  	требование	требование	s	159.4	19.9	16.8	22.1	102.3	84.4	159.3
723  	чистый	чистый	a	159.0	191.8	190.7	184.4	172.0	133.2	146.4
724  	весьма	весьма	adv	158.8	54.9	93.6	91.7	214.9	132.8	227.9
725  	какой-нибудь	какой-нибудь	apro	158.8	219.1	212.3	233.8	213.5	180.9	125.0
726  	основание	основание	s	158.8	45.9	50.5	46.3	72.6	90.2	134.5
727  	половина	половина	s	158.8	122.7	131.0	140.5	142.3	158.1	182.6
728  	поехать	поехать	v	158.4	254.9	214.0	231.9	164.6	181.6	130.9
729  	положить	положить	v	158.1	305.7	242.6	236.7	121.6	144.2	102.0
730  	входить	входить	v	157.9	131.7	114.5	112.1	120.1	161.8	181.6
731  	легко	легко	adv	157.9	162.0	173.7	169.5	139.3	210.6	156.4
732  	поздний	поздний	a	157.7	78.7	114.0	136.7	283.1	246.2	184.8
733  	роман	роман	s	157.7	82.1	130.8	128.6	298.0	175.0	220.3
734  	круг	круг	s	157.4	117.3	117.8	147.3	185.3	173.9	187.4
735  	анализ	анализ	s	157.0	13.5	22.0	21.1	31.1	47.7	89.8
736  	стихи	стихи	s	157.0	90.2	155.0	105.8	510.0	503.3	215.4
737  	автомобиль	автомобиль	s	156.9	93.0	49.1	79.8	118.6	144.2	288.1
738  	специальный	специальный	a	156.8	62.2	52.6	50.0	129.0	131.0	216.5
739  	экономика	экономика	s	156.3	12.1	5.6	11.3	44.5	61.6	262.0
740  	литература	литература	s	156.0	39.0	92.3	78.9	383.9	252.8	194.3
741  	бумага	бумага	s	155.8	232.0	193.5	187.7	140.8	162.9	137.7
742  	вместо	вместо	pr	155.7	162.2	148.6	176.3	188.3	177.6	171.6
743  	впервые	впервые	adv	155.5	123.0	139.4	123.5	206.1	221.9	199.2
744  	видно	видно	adv	155.2	289.8	281.4	208.1	136.4	158.8	98.0
745  	научный	научный	a	155.1	86.3	69.3	36.6	143.8	137.9	163.4
746  	оказываться	оказываться	v	155.1	138.2	136.5	133.6	118.6	160.3	171.7
747  	поэт	поэт	s	155.1	59.5	126.0	118.9	557.4	345.2	220.1
748  	показывать	показывать	v	155.0	151.4	133.3	136.9	172.0	177.6	159.4
749  	степень	степень	s	155.0	47.7	59.9	64.3	100.8	145.6	163.6
750  	вызвать	вызвать	v	154.9	169.3	135.2	127.4	173.4	227.4	179.4
751  	касаться	касаться	v	154.7	99.1	97.1	93.5	142.3	151.5	210.5
752  	господин	господин	s	154.6	150.7	253.5	245.9	86.0	82.5	140.6
753  	надежда	надежда	s	154.5	164.5	184.9	153.6	131.9	188.2	174.1
754  	сложный	сложный	a	154.5	79.2	73.9	66.0	131.9	166.9	189.9
755  	вокруг	вокруг	pr	154.4	180.6	173.8	173.4	244.6	148.9	157.8
756  	предмет	предмет	s	154.4	67.3	74.3	97.6	127.5	139.8	136.1
757  	отметить	отметить	v	154.3	45.5	64.2	64.7	120.1	90.6	181.8
758  	заявить	заявить	v	154.2	75.7	76.7	98.4	133.4	98.3	266.3
759  	вариант	вариант	s	154.1	21.6	41.0	66.1	25.2	75.6	203.9
760  	министр	министр	s	154.1	66.3	34.9	45.7	228.3	156.6	292.5
761  	откуда	откуда	advpro	154.0	218.4	241.1	267.4	120.1	121.8	104.4
762  	реальный	реальный	a	153.8	29.9	36.2	48.1	66.7	113.0	219.9
763  	граница	граница	s	153.7	81.9	67.8	90.9	241.6	194.8	191.9
764  	действовать	действовать	v	153.5	107.8	91.2	85.3	124.5	146.7	193.1
765  	дух	дух	s	153.5	101.0	131.1	144.6	206.1	188.6	150.4
766  	модель	модель	s	153.5	23.9	16.5	27.1	32.6	43.6	147.2
767  	операция	операция	s	153.3	89.9	64.0	82.1	50.4	103.5	206.8
768  	пара	пара	s	152.7	77.1	117.5	209.8	66.7	87.3	158.8
769  	сон	сон	s	152.7	191.8	244.3	262.8	130.4	117.8	99.7
770  	немного	немного	adv	151.9	200.8	220.4	229.7	86.0	135.4	123.4
771  	название	название	s	151.8	56.0	84.5	98.0	126.0	153.0	212.1
772  	ум	ум	s	151.5	163.8	177.1	219.6	145.3	172.8	122.6
773  	повод	повод	s	151.2	73.4	90.8	118.4	172.0	151.9	209.6
774  	старик	старик	s	151.0	395.2	339.7	241.2	109.7	163.6	80.4
775  	способный	способный	a	150.5	77.5	94.4	106.3	114.2	187.1	185.2
776  	мало	мало	num	150.4	106.2	121.1	123.5	139.3	160.7	182.9
777  	миллион	миллион	s	150.4	75.7	63.6	83.6	137.9	236.2	255.5
778  	малый	малый	a	150.2	68.8	176.2	78.1	105.2	143.4	178.5
779  	старший	старший	a	149.5	187.9	208.3	154.8	166.0	176.8	147.5
780  	успех	успех	s	149.5	84.2	77.4	65.9	341.0	214.6	235.1
781  	практически	практически	adv	149.4	11.9	17.6	50.7	17.8	63.1	243.5
782  	получиться	получиться	v	149.3	134.2	170.5	161.4	77.1	126.9	170.8
783  	личный	личный	a	149.2	94.8	103.3	90.7	163.1	195.9	191.7
784  	счастье	счастье	s	149.2	172.4	181.4	186.6	188.3	160.7	153.5
785  	необходимо	необходимо	adv	149.0	36.2	38.5	39.4	94.9	99.8	192.3
786  	свободный	свободный	a	149.0	112.4	123.3	129.5	191.2	154.8	165.2
787  	ребята	ребята	s	148.9	341.2	301.2	159.3	284.6	232.2	123.7
788  	обычный	обычный	a	148.7	113.3	103.1	148.9	155.7	148.6	166.9
789  	кабинет	кабинет	s	148.5	186.5	170.7	219.8	145.3	146.7	151.6
790  	прекрасный	прекрасный	a	148.4	156.7	186.6	141.9	231.3	214.2	172.1
791  	высший	высший	a	147.8	107.6	72.3	81.0	154.2	176.8	188.3
792  	кричать	кричать	v	147.3	389.6	315.1	236.0	114.2	145.6	76.7
793  	прежде	прежде	pr	147.3	78.0	68.0	65.8	139.3	178.7	198.5
794  	магазин	магазин	s	147.2	109.0	162.6	154.9	136.4	135.7	175.9
795  	пространство	пространство	s	147.2	75.5	70.1	107.7	77.1	89.5	142.6
796  	выход	выход	s	147.0	111.3	118.3	152.7	103.8	139.4	158.8
797  	остановиться	остановиться	v	147.0	341.7	281.1	236.5	103.8	114.1	80.2
798  	удар	удар	s	146.8	159.3	123.3	163.4	112.7	126.6	143.1
799  	база	база	s	146.7	51.8	34.5	45.5	78.6	77.8	188.9
800  	знание	знание	s	146.4	67.7	64.1	57.6	155.7	168.0	118.6
801  	текст	текст	s	146.2	25.4	51.2	77.1	139.3	135.4	192.4
802  	сюда	сюда	advpro	146.1	310.9	256.9	227.5	123.0	136.8	88.3
803  	темный	темный	a	146.0	311.9	217.3	241.4	146.8	119.2	70.2
804  	защита	защита	s	145.9	38.5	40.7	47.3	93.4	81.8	175.1
805  	предлагать	предлагать	v	145.9	78.0	78.3	96.5	60.8	128.8	200.6
806  	руководство	руководство	s	145.7	31.7	21.1	32.0	149.7	182.0	267.4
807  	вовсе	вовсе	adv	145.3	153.7	184.0	189.3	134.9	204.7	143.2
808  	площадь	площадь	s	145.2	93.8	105.6	98.1	204.6	147.1	172.6
809  	сознание	сознание	s	145.2	115.7	98.1	122.6	133.4	155.9	124.7
810  	гражданский	гражданский	a	144.7	37.2	41.6	32.8	80.0	151.1	163.4
811  	убить	убить	v	144.7	216.2	177.5	275.8	89.0	117.0	101.5
812  	возраст	возраст	s	144.5	54.9	91.1	102.4	137.9	134.6	144.8
813  	молчать	молчать	v	144.5	394.9	329.1	256.8	80.0	98.0	56.7
814  	согласиться	согласиться	v	144.2	197.6	176.5	203.0	81.5	162.9	133.8
815  	участник	участник	s	144.2	20.0	28.0	26.2	146.8	95.8	220.0
816  	участок	участок	s	144.2	53.7	49.9	54.0	133.4	126.2	145.6
817  	рано	рано	adv	144.1	178.7	177.0	177.1	143.8	164.7	140.2
818  	пункт	пункт	s	144.0	64.7	57.8	38.8	69.7	135.4	142.3
819  	несмотря	несмотря	adv	143.9	85.4	81.5	97.3	274.2	136.8	203.6
820  	сильно	сильно	adv	143.9	151.7	159.0	167.0	131.9	143.1	129.9
821  	столь	столь	advpro	143.9	85.1	96.7	127.7	198.7	189.3	183.8
822  	сообщить	сообщить	v	143.8	123.2	125.2	151.8	94.9	139.8	193.1
823  	линия	линия	s	143.7	99.4	87.0	80.9	182.3	190.8	153.7
824  	бежать	бежать	v	143.6	348.6	295.7	218.7	117.1	142.0	84.4
825  	желание	желание	s	143.6	114.3	125.6	138.9	152.7	139.4	166.4
826  	папа	папа	s	143.4	167.3	183.4	198.7	44.5	215.0	127.4
827  	кажется	кажется	adv	143.2	195.0	211.3	214.5	164.6	249.1	114.6
828  	петь	петь	v	143.2	166.6	212.2	135.3	133.4	182.0	173.2
829  	доктор	доктор	s	143.1	173.5	192.9	213.5	182.3	123.6	120.8
830  	губа	губа	s	143.0	354.3	271.3	303.8	78.6	58.0	44.4
831  	известно	известно	adv	143.0	105.3	110.6	93.8	169.0	147.8	191.5
832  	дома	дома	adv	142.5	175.1	214.3	197.6	126.0	160.7	119.9
833  	вызывать	вызывать	v	142.4	112.5	110.8	111.4	152.7	157.7	161.9
834  	дочь	дочь	s	142.4	136.1	146.3	225.3	134.9	152.6	130.7
835  	показаться	показаться	v	142.4	274.4	226.1	234.8	133.4	137.9	96.2
836  	среда	среда	s	142.4	22.3	34.9	34.4	108.2	145.3	146.3
837  	председатель	председатель	s	142.3	135.9	104.2	40.9	327.6	205.8	235.8
838  	представление	представление	s	142.2	58.7	46.4	47.5	155.7	211.3	125.2
839  	солдат	солдат	s	142.2	296.9	288.0	157.2	155.7	191.9	128.0
840  	художник	художник	s	142.2	135.6	112.9	93.5	555.9	219.7	197.9
841  	принести	принести	v	141.9	183.1	193.2	189.3	142.3	134.3	123.6
842  	волос	волос	s	141.8	267.8	208.6	249.8	120.1	93.2	72.6
843  	оружие	оружие	s	141.8	105.1	88.4	121.6	60.8	125.1	192.0
844  	выглядеть	выглядеть	v	141.7	92.9	123.0	162.8	97.8	152.2	170.0
845  	соответствие	соответствие	s	141.0	13.1	13.8	15.7	23.7	33.0	125.2
846  	никак	никак	advpro	140.5	175.5	193.5	206.4	136.4	125.1	119.6
847  	ветер	ветер	s	140.3	368.8	279.8	202.2	173.4	120.7	85.1
848  	внешний	внешний	a	140.3	45.5	34.3	46.5	114.2	157.4	159.6
849  	парень	парень	s	140.3	267.5	206.6	266.9	160.1	117.4	79.2
850  	служить	служить	v	140.3	116.6	97.0	102.7	183.8	184.2	152.3
851  	зрение	зрение	s	140.2	60.6	61.4	69.6	83.0	162.9	169.9
852  	попросить	попросить	v	140.2	196.9	177.7	199.8	123.0	179.8	133.3
853  	генерал	генерал	s	140.0	200.6	199.0	159.9	115.6	126.9	160.1
854  	состоять	состоять	v	139.9	52.6	59.2	60.0	114.2	121.8	149.7
855  	огонь	огонь	s	139.8	266.8	225.6	166.7	146.8	143.1	117.4
856  	отдать	отдать	v	139.8	177.9	182.6	179.0	96.4	125.8	130.7
857  	боевой	боевой	a	139.6	70.5	81.6	69.0	108.2	120.3	203.6
858  	понятие	понятие	s	139.4	48.4	56.7	64.1	71.2	179.0	110.2
859  	строительство	строительство	s	139.4	28.9	24.8	21.5	232.7	217.9	233.8
860  	ухо	ухо	s	139.3	266.6	258.2	267.7	74.1	77.4	69.9
861  	выступать	выступать	v	138.8	59.4	63.0	46.4	197.2	209.5	197.4
862  	грудь	грудь	s	138.8	258.1	239.8	278.6	83.0	55.0	56.5
863  	нос	нос	s	138.8	255.1	269.9	258.1	96.4	85.5	71.6
864  	ставить	ставить	v	138.7	113.3	129.8	110.0	172.0	205.1	164.7
865  	завтра	завтра	adv	138.5	231.5	223.3	217.4	114.2	118.5	92.0
866  	возникать	возникать	v	138.4	54.4	65.3	65.2	84.5	137.9	149.1
867  	когда	когда	advpro	138.4	191.8	193.4	154.6	123.0	156.6	121.2
868  	страх	страх	s	138.4	191.8	195.7	198.5	96.4	157.0	108.3
869  	услуга	услуга	s	138.3	28.7	18.0	33.2	31.1	40.4	196.1
870  	рабочий	рабочий	a	138.0	73.9	70.7	69.1	194.2	225.6	165.2
871  	что-нибудь	что-нибудь	spro	137.6	253.6	232.6	213.0	111.2	125.5	85.2
872  	глубокий	глубокий	a	137.3	156.7	125.5	126.0	232.7	168.0	123.9
873  	содержание	содержание	s	137.3	22.1	25.3	31.6	111.2	126.2	125.6
874  	радость	радость	s	137.2	186.1	182.8	141.2	192.7	183.4	115.0
875  	безопасность	безопасность	s	137.1	37.2	19.6	47.7	34.1	37.4	193.3
876  	надеяться	надеяться	v	137.1	120.2	157.1	164.1	111.2	124.7	142.3
877  	продукт	продукт	s	136.7	38.5	48.3	46.2	72.6	141.6	150.5
878  	видимо	видимо	adv	136.4	122.3	127.5	156.7	48.9	219.4	155.2
879  	комплекс	комплекс	s	136.3	9.9	13.6	25.9	11.9	48.4	187.3
880  	бизнес	бизнес	s	136.2	2.8	3.2	51.3	7.4	10.6	278.7
881  	подняться	подняться	v	136.2	295.3	266.0	246.3	118.6	105.3	71.2
882  	вспоминать	вспоминать	v	135.9	173.0	166.9	146.4	177.9	246.9	150.4
883  	мало	мало	adv	135.8	162.0	163.3	141.0	163.1	203.2	134.8
884  	сад	сад	s	135.8	137.0	122.9	104.5	237.2	154.4	117.7
885  	долгий	долгий	a	135.5	132.4	130.7	148.7	120.1	163.6	159.6
886  	одновременно	одновременно	adv	135.4	73.7	81.3	108.3	102.3	120.0	147.9
887  	называться	называться	v	135.3	108.7	123.3	133.0	148.2	123.3	149.6
888  	сотрудник	сотрудник	s	135.1	69.5	42.3	62.3	83.0	79.2	225.0
889  	лето	лето	s	135.0	110.1	163.7	122.2	223.8	205.4	162.0
890  	тихо	тихо	adv	135.0	342.1	292.0	256.5	102.3	81.4	53.4
891  	зато	зато	conj	134.9	105.6	116.8	161.0	99.3	126.6	165.6
892  	прямой	прямой	a	134.8	107.6	82.5	87.6	131.9	113.7	145.2
893  	курс	курс	s	134.5	59.5	88.9	93.0	106.7	135.0	178.2
894  	помогать	помогать	v	134.5	131.0	115.8	114.6	186.8	164.7	159.8
895  	предложение	предложение	s	134.5	54.9	51.9	68.1	109.7	188.9	200.2
896  	финансовый	финансовый	a	134.5	7.4	5.1	30.6	13.3	27.1	224.3
897  	открытый	открытый	a	134.4	117.7	115.0	111.8	111.2	140.9	146.9
898  	почему-то	почему-то	advpro	134.4	188.8	214.7	217.6	118.6	139.0	106.3
899  	значить	значить	v	134.0	128.3	150.4	129.4	121.6	138.3	112.4
900  	возникнуть	возникнуть	v	133.6	79.0	107.6	111.0	63.7	146.7	158.4
901  	рот	рот	s	133.6	242.6	244.9	283.0	69.7	87.7	53.1
902  	где-то	где-то	advpro	133.5	197.1	217.3	184.1	127.5	148.2	102.6
903  	технология	технология	s	133.5	3.2	6.7	11.2	13.3	24.6	172.0
904  	знакомый	знакомый	a	133.4	183.1	194.7	189.3	169.0	151.9	115.8
905  	недавно	недавно	adv	133.3	111.8	101.3	114.5	157.1	131.3	183.8
906  	реформа	реформа	s	133.1	2.1	5.4	10.0	26.7	34.1	294.4
907  	отсутствие	отсутствие	s	132.4	42.2	52.8	69.9	90.4	115.9	152.5
908  	нынешний	нынешний	a	132.3	28.0	47.8	62.7	103.8	114.5	250.2
909  	собака	собака	s	132.2	198.7	256.7	187.0	174.9	179.4	98.6
910  	камень	камень	s	131.9	226.2	200.4	153.2	200.1	116.3	101.7
911  	будущее	будущее	s	131.4	85.6	79.5	88.0	146.8	150.4	178.5
912  	звать	звать	v	131.3	207.9	218.7	228.1	145.3	110.0	86.2
913  	рассказ	рассказ	s	131.3	117.9	128.8	123.2	395.8	281.4	142.9
914  	контроль	контроль	s	131.2	12.2	17.9	28.3	34.1	59.1	166.3
915  	позвонить	позвонить	v	131.0	97.8	144.8	229.7	78.6	99.8	117.7
916  	река	река	s	131.0	252.7	203.0	150.1	123.0	171.7	95.2
917  	хватать	хватать	v	130.9	158.4	168.4	170.6	86.0	150.4	129.9
918  	продукция	продукция	s	130.8	6.7	9.5	10.5	158.6	68.6	182.8
919  	сумма	сумма	s	130.6	23.0	23.3	64.8	54.9	58.7	189.5
920  	техника	техника	s	130.5	57.6	44.6	34.0	198.7	149.7	190.5
921  	исторический	исторический	a	130.4	36.7	36.2	40.2	161.6	169.5	176.4
922  	вновь	вновь	adv	130.3	93.9	128.5	144.2	96.4	152.2	138.8
923  	народный	народный	a	130.3	38.5	43.1	57.0	428.4	191.1	202.5
924  	прямо	прямо	part	130.3	191.1	177.9	209.8	75.6	93.9	93.0
925  	ибо	ибо	conj	130.0	78.3	156.7	138.7	131.9	272.9	124.4
926  	выпить	выпить	v	129.9	184.3	251.7	270.9	77.1	67.1	67.0
927  	здание	здание	s	129.9	101.9	64.2	88.2	120.1	147.5	180.8
928  	сфера	сфера	s	129.5	11.5	15.2	20.4	13.3	64.6	178.1
929  	знаменитый	знаменитый	a	129.4	82.4	97.6	81.0	220.9	187.1	203.2
930  	иначе	иначе	advpro	129.2	112.7	121.0	133.5	137.9	164.7	139.4
931  	потерять	потерять	v	129.2	142.9	148.6	165.2	123.0	131.7	133.3
932  	необходимость	необходимость	s	129.1	40.2	41.7	41.2	97.8	118.1	156.4
933  	больший	больший	a	128.9	78.7	80.5	77.2	139.3	146.4	151.2
934  	фонд	фонд	s	128.6	11.5	7.5	21.5	35.6	63.5	219.5
935  	иметься	иметься	v	128.4	64.7	54.1	79.0	118.6	121.4	134.0
936  	вперед	вперед	adv	128.1	250.6	195.3	177.5	152.7	133.5	92.6
937  	подготовка	подготовка	s	127.9	28.9	21.9	21.9	191.2	106.8	191.9
938  	вчера	вчера	adv	127.6	175.8	159.4	170.2	133.4	78.5	114.6
939  	лист	лист	s	127.6	183.6	160.5	129.4	137.9	116.3	92.0
940  	пустой	пустой	a	127.5	195.3	205.4	231.0	120.1	118.9	77.9
941  	очередной	очередной	a	127.4	35.6	74.7	131.0	69.7	117.4	188.3
942  	республика	республика	s	127.4	12.1	17.9	18.3	194.2	144.9	211.4
943  	хозяйство	хозяйство	s	127.2	48.6	53.1	38.8	376.5	219.0	158.1
944  	полностью	полностью	adv	127.0	55.5	62.9	67.3	124.5	120.0	164.7
945  	получаться	получаться	v	127.0	111.5	132.0	138.0	60.8	126.2	134.4
946  	учиться	учиться	v	126.9	121.0	130.6	101.0	201.6	194.8	150.1
947  	плохо	плохо	adv	126.5	171.2	175.7	158.2	179.4	165.4	113.3
948  	воля	воля	s	126.4	124.1	116.1	129.9	172.0	199.2	119.5
949  	судебный	судебный	a	126.1	6.9	8.1	11.1	23.7	32.3	85.1
950  	бюджет	бюджет	s	126.0	1.9	2.4	9.6	25.2	19.8	260.7
951  	возвращаться	возвращаться	v	125.8	157.2	164.3	163.8	151.2	197.4	114.2
952  	расти	расти	v	125.8	120.3	119.5	97.6	145.3	132.4	147.1
953  	снег	снег	s	125.2	306.6	276.3	168.6	284.6	131.3	77.5
954  	деревня	деревня	s	125.1	269.1	206.3	110.9	240.2	190.0	127.5
955  	обнаружить	обнаружить	v	125.0	75.3	104.4	128.7	57.8	79.6	118.3
956  	мужик	мужик	s	124.7	100.1	223.4	285.6	90.4	65.3	56.1
957  	постоянно	постоянно	adv	124.6	46.8	51.4	83.7	115.6	168.8	167.4
958  	зеленый	зеленый	a	124.4	238.4	179.7	165.7	179.4	118.9	94.3
959  	элемент	элемент	s	124.4	18.4	18.4	16.4	106.7	69.7	107.6
960  	обстоятельство	обстоятельство	s	124.2	75.3	83.8	86.3	109.7	147.8	122.9
961  	почувствовать	почувствовать	v	124.2	232.4	192.1	203.2	105.2	135.7	84.5
962  	немец	немец	s	124.1	460.5	255.5	88.7	71.2	185.6	110.3
963  	многое	многое	spro	124.0	81.9	82.0	72.4	177.9	204.7	172.4
964  	победа	победа	s	124.0	84.4	82.9	72.2	207.5	159.9	192.1
965  	источник	источник	s	123.7	16.3	21.5	38.6	63.7	60.5	148.5
966  	немецкий	немецкий	a	123.6	274.4	131.5	67.4	157.1	167.3	152.0
967  	золотой	золотой	a	123.5	108.7	119.2	159.3	105.2	101.6	137.5
968  	передать	передать	v	123.5	144.8	120.0	111.7	161.6	142.7	139.7
969  	технический	технический	a	123.4	40.6	21.6	20.4	120.1	89.9	151.9
970  	нормальный	нормальный	a	123.2	49.3	84.4	123.0	69.7	71.9	131.3
971  	едва	едва	adv	123.1	154.2	145.8	212.2	124.5	115.9	99.7
972  	желать	желать	v	123.1	120.0	142.6	148.1	170.5	118.5	121.7
973  	ожидать	ожидать	v	123.0	126.4	148.7	147.6	106.7	141.6	117.5
974  	некий	некий	apro	122.8	47.1	98.1	109.7	68.2	154.1	155.4
975  	звезда	звезда	s	122.7	151.5	145.0	112.8	191.2	71.5	144.2
976  	городской	городской	a	122.4	68.1	65.5	83.7	176.4	135.0	179.6
977  	выбор	выбор	s	122.0	22.7	33.1	55.3	48.9	81.8	154.7
978  	соответствующий	соответствующий	a	121.8	22.3	16.5	22.1	43.0	66.0	120.9
979  	масса	масса	s	121.7	62.0	41.7	47.0	145.3	122.9	145.7
980  	составить	составить	v	121.6	48.9	36.3	39.9	103.8	79.2	170.3
981  	итог	итог	s	121.5	11.9	24.9	35.8	66.7	62.0	212.2
982  	сестра	сестра	s	121.3	201.7	128.0	161.8	176.4	142.3	109.9
983  	что	что	advpro	121.2	301.3	250.0	218.1	23.7	43.3	49.0
984  	шесть	шесть	num	120.9	124.2	133.3	116.8	161.6	169.8	131.5
985  	ясно	ясно	adv	120.8	170.7	151.3	138.3	126.0	129.9	113.6
986  	практика	практика	s	120.7	26.1	29.4	24.5	68.2	90.2	134.7
987  	сто	сто	num	120.7	135.6	169.8	164.8	111.2	146.0	103.6
988  	нести	нести	v	120.6	150.1	149.8	130.8	105.2	112.3	103.5
989  	определить	определить	v	120.6	53.5	60.4	59.5	66.7	94.7	127.4
990  	проведение	проведение	s	120.6	3.9	6.1	6.4	86.0	40.0	148.2
991  	карман	карман	s	120.5	247.8	199.0	246.7	81.5	80.0	60.0
992  	любимый	любимый	a	120.4	70.2	91.2	134.1	180.9	126.6	148.8
993  	родной	родной	a	120.3	100.3	148.2	133.8	131.9	117.0	138.7
994  	западный	западный	a	120.2	42.0	42.9	33.0	111.2	95.0	191.4
995  	обязательно	обязательно	adv	120.2	127.8	122.4	110.5	90.4	116.3	133.6
996  	слава	слава	s	120.2	73.2	148.4	142.8	201.6	135.0	124.4
997  	кухня	кухня	s	120.1	158.6	166.5	235.4	74.1	85.5	81.3
998  	определение	определение	s	120.1	12.2	13.4	14.4	35.6	37.8	81.2
999  	пользоваться	пользоваться	v	120.1	78.0	62.9	74.7	140.8	158.1	146.8
1000  	быстрый	быстрый	a	119.8	154.9	114.1	122.9	94.9	101.6	117.3